Source_Code_Filename,Preprocessed_Query_File,Cosine_Similarity
/Users/junayed/Documents/NecessaryDocs/GeorgeMasonUniversity/Research/Projects/BugLocalization/Backup/CodeUnused/BuggyProjects/bug-1223/app/src/main/java/org/gnucash/android/ui/transaction/SplitEditorFragment.java,../data/PreprocessedData/PreprocessedQueries-round5/Screen-2/Preprocessed_with_Interacted_GUI_Component_IDs/query_expansion_1/bug_report_1223.txt,0.5445684194564819
/Users/junayed/Documents/NecessaryDocs/GeorgeMasonUniversity/Research/Projects/BugLocalization/Backup/CodeUnused/BuggyProjects/bug-1223/app/src/main/java/org/gnucash/android/ui/transaction/TransactionFormFragment.java,../data/PreprocessedData/PreprocessedQueries-round5/Screen-2/Preprocessed_with_Interacted_GUI_Component_IDs/query_expansion_1/bug_report_1223.txt,0.5906075239181519
/Users/junayed/Documents/NecessaryDocs/GeorgeMasonUniversity/Research/Projects/BugLocalization/Backup/CodeUnused/BuggyProjects/bug-1223/app/src/main/java/org/gnucash/android/ui/common/FormActivity.java,../data/PreprocessedData/PreprocessedQueries-round5/Screen-2/Preprocessed_with_Interacted_GUI_Component_IDs/query_expansion_1/bug_report_1223.txt,0.5134474635124207
/Users/junayed/Documents/NecessaryDocs/GeorgeMasonUniversity/Research/Projects/BugLocalization/Backup/CodeUnused/BuggyProjects/bug-1223/app/src/main/java/org/gnucash/android/receivers/AccountCreator.java,../data/PreprocessedData/PreprocessedQueries-round5/Screen-2/Preprocessed_with_Interacted_GUI_Component_IDs/query_expansion_1/bug_report_1223.txt,0.4339752197265625
/Users/junayed/Documents/NecessaryDocs/GeorgeMasonUniversity/Research/Projects/BugLocalization/Backup/CodeUnused/BuggyProjects/bug-1223/app/src/main/java/org/gnucash/android/receivers/TransactionAppWidgetProvider.java,../data/PreprocessedData/PreprocessedQueries-round5/Screen-2/Preprocessed_with_Interacted_GUI_Component_IDs/query_expansion_1/bug_report_1223.txt,0.41105514764785767
/Users/junayed/Documents/NecessaryDocs/GeorgeMasonUniversity/Research/Projects/BugLocalization/Backup/CodeUnused/BuggyProjects/bug-1223/app/src/main/java/org/gnucash/android/receivers/TransactionRecorder.java,../data/PreprocessedData/PreprocessedQueries-round5/Screen-2/Preprocessed_with_Interacted_GUI_Component_IDs/query_expansion_1/bug_report_1223.txt,0.5158986449241638
/Users/junayed/Documents/NecessaryDocs/GeorgeMasonUniversity/Research/Projects/BugLocalization/Backup/CodeUnused/BuggyProjects/bug-1223/app/src/main/java/org/gnucash/android/receivers/BootReceiver.java,../data/PreprocessedData/PreprocessedQueries-round5/Screen-2/Preprocessed_with_Interacted_GUI_Component_IDs/query_expansion_1/bug_report_1223.txt,0.42548713088035583
/Users/junayed/Documents/NecessaryDocs/GeorgeMasonUniversity/Research/Projects/BugLocalization/Backup/CodeUnused/BuggyProjects/bug-1223/app/src/main/java/org/gnucash/android/ui/budget/BudgetAmountEditorFragment.java,../data/PreprocessedData/PreprocessedQueries-round5/Screen-2/Preprocessed_with_Interacted_GUI_Component_IDs/query_expansion_1/bug_report_1223.txt,0.4522446393966675
/Users/junayed/Documents/NecessaryDocs/GeorgeMasonUniversity/Research/Projects/BugLocalization/Backup/CodeUnused/BuggyProjects/bug-1223/app/src/main/java/org/gnucash/android/ui/budget/BudgetListFragment.java,../data/PreprocessedData/PreprocessedQueries-round5/Screen-2/Preprocessed_with_Interacted_GUI_Component_IDs/query_expansion_1/bug_report_1223.txt,0.4722039997577667
/Users/junayed/Documents/NecessaryDocs/GeorgeMasonUniversity/Research/Projects/BugLocalization/Backup/CodeUnused/BuggyProjects/bug-1223/app/src/main/java/org/gnucash/android/ui/budget/BudgetFormFragment.java,../data/PreprocessedData/PreprocessedQueries-round5/Screen-2/Preprocessed_with_Interacted_GUI_Component_IDs/query_expansion_1/bug_report_1223.txt,0.48518285155296326
/Users/junayed/Documents/NecessaryDocs/GeorgeMasonUniversity/Research/Projects/BugLocalization/Backup/CodeUnused/BuggyProjects/bug-1223/app/src/main/java/org/gnucash/android/ui/budget/BudgetDetailFragment.java,../data/PreprocessedData/PreprocessedQueries-round5/Screen-2/Preprocessed_with_Interacted_GUI_Component_IDs/query_expansion_1/bug_report_1223.txt,0.4467545449733734
/Users/junayed/Documents/NecessaryDocs/GeorgeMasonUniversity/Research/Projects/BugLocalization/Backup/CodeUnused/BuggyProjects/bug-1223/app/src/main/java/org/gnucash/android/ui/budget/BudgetsActivity.java,../data/PreprocessedData/PreprocessedQueries-round5/Screen-2/Preprocessed_with_Interacted_GUI_Component_IDs/query_expansion_1/bug_report_1223.txt,0.4600146412849426
/Users/junayed/Documents/NecessaryDocs/GeorgeMasonUniversity/Research/Projects/BugLocalization/Backup/CodeUnused/BuggyProjects/bug-1223/app/src/main/java/org/gnucash/android/ui/homescreen/WidgetConfigurationActivity.java,../data/PreprocessedData/PreprocessedQueries-round5/Screen-2/Preprocessed_with_Interacted_GUI_Component_IDs/query_expansion_1/bug_report_1223.txt,0.5142917633056641
/Users/junayed/Documents/NecessaryDocs/GeorgeMasonUniversity/Research/Projects/BugLocalization/Backup/CodeUnused/BuggyProjects/bug-1223/app/src/main/java/org/gnucash/android/ui/account/OnAccountClickedListener.java,../data/PreprocessedData/PreprocessedQueries-round5/Screen-2/Preprocessed_with_Interacted_GUI_Component_IDs/query_expansion_1/bug_report_1223.txt,0.3065149188041687
/Users/junayed/Documents/NecessaryDocs/GeorgeMasonUniversity/Research/Projects/BugLocalization/Backup/CodeUnused/BuggyProjects/bug-1223/app/src/main/java/org/gnucash/android/ui/account/AccountsActivity.java,../data/PreprocessedData/PreprocessedQueries-round5/Screen-2/Preprocessed_with_Interacted_GUI_Component_IDs/query_expansion_1/bug_report_1223.txt,0.49674350023269653
/Users/junayed/Documents/NecessaryDocs/GeorgeMasonUniversity/Research/Projects/BugLocalization/Backup/CodeUnused/BuggyProjects/bug-1223/app/src/main/java/org/gnucash/android/ui/account/AccountsListFragment.java,../data/PreprocessedData/PreprocessedQueries-round5/Screen-2/Preprocessed_with_Interacted_GUI_Component_IDs/query_expansion_1/bug_report_1223.txt,0.45153865218162537
/Users/junayed/Documents/NecessaryDocs/GeorgeMasonUniversity/Research/Projects/BugLocalization/Backup/CodeUnused/BuggyProjects/bug-1223/app/src/main/java/org/gnucash/android/ui/account/DeleteAccountDialogFragment.java,../data/PreprocessedData/PreprocessedQueries-round5/Screen-2/Preprocessed_with_Interacted_GUI_Component_IDs/query_expansion_1/bug_report_1223.txt,0.5215358138084412
/Users/junayed/Documents/NecessaryDocs/GeorgeMasonUniversity/Research/Projects/BugLocalization/Backup/CodeUnused/BuggyProjects/bug-1223/app/src/main/java/org/gnucash/android/ui/account/AccountFormFragment.java,../data/PreprocessedData/PreprocessedQueries-round5/Screen-2/Preprocessed_with_Interacted_GUI_Component_IDs/query_expansion_1/bug_report_1223.txt,0.5327145457267761
/Users/junayed/Documents/NecessaryDocs/GeorgeMasonUniversity/Research/Projects/BugLocalization/Backup/CodeUnused/BuggyProjects/bug-1223/app/src/main/java/org/gnucash/android/ui/report/ReportType.java,../data/PreprocessedData/PreprocessedQueries-round5/Screen-2/Preprocessed_with_Interacted_GUI_Component_IDs/query_expansion_1/bug_report_1223.txt,0.3907988667488098
/Users/junayed/Documents/NecessaryDocs/GeorgeMasonUniversity/Research/Projects/BugLocalization/Backup/CodeUnused/BuggyProjects/bug-1223/app/src/main/java/org/gnucash/android/ui/report/ReportOptionsListener.java,../data/PreprocessedData/PreprocessedQueries-round5/Screen-2/Preprocessed_with_Interacted_GUI_Component_IDs/query_expansion_1/bug_report_1223.txt,0.34747007489204407
/Users/junayed/Documents/NecessaryDocs/GeorgeMasonUniversity/Research/Projects/BugLocalization/Backup/CodeUnused/BuggyProjects/bug-1223/app/src/main/java/org/gnucash/android/ui/report/ReportsActivity.java,../data/PreprocessedData/PreprocessedQueries-round5/Screen-2/Preprocessed_with_Interacted_GUI_Component_IDs/query_expansion_1/bug_report_1223.txt,0.5038997530937195
/Users/junayed/Documents/NecessaryDocs/GeorgeMasonUniversity/Research/Projects/BugLocalization/Backup/CodeUnused/BuggyProjects/bug-1223/app/src/main/java/org/gnucash/android/ui/report/ReportsOverviewFragment.java,../data/PreprocessedData/PreprocessedQueries-round5/Screen-2/Preprocessed_with_Interacted_GUI_Component_IDs/query_expansion_1/bug_report_1223.txt,0.4893749952316284
/Users/junayed/Documents/NecessaryDocs/GeorgeMasonUniversity/Research/Projects/BugLocalization/Backup/CodeUnused/BuggyProjects/bug-1223/app/src/main/java/org/gnucash/android/ui/report/BaseReportFragment.java,../data/PreprocessedData/PreprocessedQueries-round5/Screen-2/Preprocessed_with_Interacted_GUI_Component_IDs/query_expansion_1/bug_report_1223.txt,0.4587336778640747
/Users/junayed/Documents/NecessaryDocs/GeorgeMasonUniversity/Research/Projects/BugLocalization/Backup/CodeUnused/BuggyProjects/bug-1223/app/src/main/java/org/gnucash/android/ui/report/sheet/BalanceSheetFragment.java,../data/PreprocessedData/PreprocessedQueries-round5/Screen-2/Preprocessed_with_Interacted_GUI_Component_IDs/query_expansion_1/bug_report_1223.txt,0.4337393045425415
/Users/junayed/Documents/NecessaryDocs/GeorgeMasonUniversity/Research/Projects/BugLocalization/Backup/CodeUnused/BuggyProjects/bug-1223/app/src/main/java/org/gnucash/android/ui/report/barchart/StackedBarChartFragment.java,../data/PreprocessedData/PreprocessedQueries-round5/Screen-2/Preprocessed_with_Interacted_GUI_Component_IDs/query_expansion_1/bug_report_1223.txt,0.4102098345756531
/Users/junayed/Documents/NecessaryDocs/GeorgeMasonUniversity/Research/Projects/BugLocalization/Backup/CodeUnused/BuggyProjects/bug-1223/app/src/main/java/org/gnucash/android/ui/report/linechart/CashFlowLineChartFragment.java,../data/PreprocessedData/PreprocessedQueries-round5/Screen-2/Preprocessed_with_Interacted_GUI_Component_IDs/query_expansion_1/bug_report_1223.txt,0.4176032543182373
/Users/junayed/Documents/NecessaryDocs/GeorgeMasonUniversity/Research/Projects/BugLocalization/Backup/CodeUnused/BuggyProjects/bug-1223/app/src/main/java/org/gnucash/android/ui/report/piechart/PieChartFragment.java,../data/PreprocessedData/PreprocessedQueries-round5/Screen-2/Preprocessed_with_Interacted_GUI_Component_IDs/query_expansion_1/bug_report_1223.txt,0.4498763680458069
/Users/junayed/Documents/NecessaryDocs/GeorgeMasonUniversity/Research/Projects/BugLocalization/Backup/CodeUnused/BuggyProjects/bug-1223/app/src/main/java/org/gnucash/android/ui/wizard/WelcomePageFragment.java,../data/PreprocessedData/PreprocessedQueries-round5/Screen-2/Preprocessed_with_Interacted_GUI_Component_IDs/query_expansion_1/bug_report_1223.txt,0.42246222496032715
/Users/junayed/Documents/NecessaryDocs/GeorgeMasonUniversity/Research/Projects/BugLocalization/Backup/CodeUnused/BuggyProjects/bug-1223/app/src/main/java/org/gnucash/android/ui/wizard/CurrencySelectPage.java,../data/PreprocessedData/PreprocessedQueries-round5/Screen-2/Preprocessed_with_Interacted_GUI_Component_IDs/query_expansion_1/bug_report_1223.txt,0.35556933283805847
/Users/junayed/Documents/NecessaryDocs/GeorgeMasonUniversity/Research/Projects/BugLocalization/Backup/CodeUnused/BuggyProjects/bug-1223/app/src/main/java/org/gnucash/android/ui/wizard/CurrencySelectFragment.java,../data/PreprocessedData/PreprocessedQueries-round5/Screen-2/Preprocessed_with_Interacted_GUI_Component_IDs/query_expansion_1/bug_report_1223.txt,0.4162484407424927
/Users/junayed/Documents/NecessaryDocs/GeorgeMasonUniversity/Research/Projects/BugLocalization/Backup/CodeUnused/BuggyProjects/bug-1223/app/src/main/java/org/gnucash/android/ui/wizard/WelcomePage.java,../data/PreprocessedData/PreprocessedQueries-round5/Screen-2/Preprocessed_with_Interacted_GUI_Component_IDs/query_expansion_1/bug_report_1223.txt,0.4107626974582672
/Users/junayed/Documents/NecessaryDocs/GeorgeMasonUniversity/Research/Projects/BugLocalization/Backup/CodeUnused/BuggyProjects/bug-1223/app/src/main/java/org/gnucash/android/ui/wizard/FirstRunWizardModel.java,../data/PreprocessedData/PreprocessedQueries-round5/Screen-2/Preprocessed_with_Interacted_GUI_Component_IDs/query_expansion_1/bug_report_1223.txt,0.4008994400501251
/Users/junayed/Documents/NecessaryDocs/GeorgeMasonUniversity/Research/Projects/BugLocalization/Backup/CodeUnused/BuggyProjects/bug-1223/app/src/main/java/org/gnucash/android/ui/wizard/FirstRunWizardActivity.java,../data/PreprocessedData/PreprocessedQueries-round5/Screen-2/Preprocessed_with_Interacted_GUI_Component_IDs/query_expansion_1/bug_report_1223.txt,0.5137942433357239
/Users/junayed/Documents/NecessaryDocs/GeorgeMasonUniversity/Research/Projects/BugLocalization/Backup/CodeUnused/BuggyProjects/bug-1223/app/src/main/java/org/gnucash/android/ui/util/RecurrenceParser.java,../data/PreprocessedData/PreprocessedQueries-round5/Screen-2/Preprocessed_with_Interacted_GUI_Component_IDs/query_expansion_1/bug_report_1223.txt,0.405538409948349
/Users/junayed/Documents/NecessaryDocs/GeorgeMasonUniversity/Research/Projects/BugLocalization/Backup/CodeUnused/BuggyProjects/bug-1223/app/src/main/java/org/gnucash/android/ui/util/CursorRecyclerAdapter.java,../data/PreprocessedData/PreprocessedQueries-round5/Screen-2/Preprocessed_with_Interacted_GUI_Component_IDs/query_expansion_1/bug_report_1223.txt,0.3757944405078888
/Users/junayed/Documents/NecessaryDocs/GeorgeMasonUniversity/Research/Projects/BugLocalization/Backup/CodeUnused/BuggyProjects/bug-1223/app/src/main/java/org/gnucash/android/ui/util/AccountBalanceTask.java,../data/PreprocessedData/PreprocessedQueries-round5/Screen-2/Preprocessed_with_Interacted_GUI_Component_IDs/query_expansion_1/bug_report_1223.txt,0.4302317500114441
/Users/junayed/Documents/NecessaryDocs/GeorgeMasonUniversity/Research/Projects/BugLocalization/Backup/CodeUnused/BuggyProjects/bug-1223/app/src/main/java/org/gnucash/android/ui/util/RecurrenceViewClickListener.java,../data/PreprocessedData/PreprocessedQueries-round5/Screen-2/Preprocessed_with_Interacted_GUI_Component_IDs/query_expansion_1/bug_report_1223.txt,0.4130116403102875
/Users/junayed/Documents/NecessaryDocs/GeorgeMasonUniversity/Research/Projects/BugLocalization/Backup/CodeUnused/BuggyProjects/bug-1223/app/src/main/java/org/gnucash/android/ui/util/ScrollingFABBehavior.java,../data/PreprocessedData/PreprocessedQueries-round5/Screen-2/Preprocessed_with_Interacted_GUI_Component_IDs/query_expansion_1/bug_report_1223.txt,0.5078925490379333
/Users/junayed/Documents/NecessaryDocs/GeorgeMasonUniversity/Research/Projects/BugLocalization/Backup/CodeUnused/BuggyProjects/bug-1223/app/src/main/java/org/gnucash/android/ui/util/TaskDelegate.java,../data/PreprocessedData/PreprocessedQueries-round5/Screen-2/Preprocessed_with_Interacted_GUI_Component_IDs/query_expansion_1/bug_report_1223.txt,0.2793528735637665
/Users/junayed/Documents/NecessaryDocs/GeorgeMasonUniversity/Research/Projects/BugLocalization/Backup/CodeUnused/BuggyProjects/bug-1223/app/src/main/java/org/gnucash/android/ui/util/dialog/DateRangePickerDialogFragment.java,../data/PreprocessedData/PreprocessedQueries-round5/Screen-2/Preprocessed_with_Interacted_GUI_Component_IDs/query_expansion_1/bug_report_1223.txt,0.45162874460220337
/Users/junayed/Documents/NecessaryDocs/GeorgeMasonUniversity/Research/Projects/BugLocalization/Backup/CodeUnused/BuggyProjects/bug-1223/app/src/main/java/org/gnucash/android/ui/util/dialog/TimePickerDialogFragment.java,../data/PreprocessedData/PreprocessedQueries-round5/Screen-2/Preprocessed_with_Interacted_GUI_Component_IDs/query_expansion_1/bug_report_1223.txt,0.44144922494888306
/Users/junayed/Documents/NecessaryDocs/GeorgeMasonUniversity/Research/Projects/BugLocalization/Backup/CodeUnused/BuggyProjects/bug-1223/app/src/main/java/org/gnucash/android/ui/util/dialog/DatePickerDialogFragment.java,../data/PreprocessedData/PreprocessedQueries-round5/Screen-2/Preprocessed_with_Interacted_GUI_Component_IDs/query_expansion_1/bug_report_1223.txt,0.40670230984687805
/Users/junayed/Documents/NecessaryDocs/GeorgeMasonUniversity/Research/Projects/BugLocalization/Backup/CodeUnused/BuggyProjects/bug-1223/app/src/main/java/org/gnucash/android/ui/util/widget/CalculatorEditText.java,../data/PreprocessedData/PreprocessedQueries-round5/Screen-2/Preprocessed_with_Interacted_GUI_Component_IDs/query_expansion_1/bug_report_1223.txt,0.49083566665649414
/Users/junayed/Documents/NecessaryDocs/GeorgeMasonUniversity/Research/Projects/BugLocalization/Backup/CodeUnused/BuggyProjects/bug-1223/app/src/main/java/org/gnucash/android/ui/util/widget/CalculatorKeyboard.java,../data/PreprocessedData/PreprocessedQueries-round5/Screen-2/Preprocessed_with_Interacted_GUI_Component_IDs/query_expansion_1/bug_report_1223.txt,0.4694530665874481
/Users/junayed/Documents/NecessaryDocs/GeorgeMasonUniversity/Research/Projects/BugLocalization/Backup/CodeUnused/BuggyProjects/bug-1223/app/src/main/java/org/gnucash/android/ui/util/widget/CheckableLinearLayout.java,../data/PreprocessedData/PreprocessedQueries-round5/Screen-2/Preprocessed_with_Interacted_GUI_Component_IDs/query_expansion_1/bug_report_1223.txt,0.313140869140625
/Users/junayed/Documents/NecessaryDocs/GeorgeMasonUniversity/Research/Projects/BugLocalization/Backup/CodeUnused/BuggyProjects/bug-1223/app/src/main/java/org/gnucash/android/ui/util/widget/TransactionTypeSwitch.java,../data/PreprocessedData/PreprocessedQueries-round5/Screen-2/Preprocessed_with_Interacted_GUI_Component_IDs/query_expansion_1/bug_report_1223.txt,0.4726985692977905
/Users/junayed/Documents/NecessaryDocs/GeorgeMasonUniversity/Research/Projects/BugLocalization/Backup/CodeUnused/BuggyProjects/bug-1223/app/src/main/java/org/gnucash/android/ui/util/widget/EmptyRecyclerView.java,../data/PreprocessedData/PreprocessedQueries-round5/Screen-2/Preprocessed_with_Interacted_GUI_Component_IDs/query_expansion_1/bug_report_1223.txt,0.36749187111854553
/Users/junayed/Documents/NecessaryDocs/GeorgeMasonUniversity/Research/Projects/BugLocalization/Backup/CodeUnused/BuggyProjects/bug-1223/app/src/main/java/org/gnucash/android/ui/util/widget/ReselectSpinner.java,../data/PreprocessedData/PreprocessedQueries-round5/Screen-2/Preprocessed_with_Interacted_GUI_Component_IDs/query_expansion_1/bug_report_1223.txt,0.44413936138153076
/Users/junayed/Documents/NecessaryDocs/GeorgeMasonUniversity/Research/Projects/BugLocalization/Backup/CodeUnused/BuggyProjects/bug-1223/app/src/main/java/org/gnucash/android/ui/export/ExportFormFragment.java,../data/PreprocessedData/PreprocessedQueries-round5/Screen-2/Preprocessed_with_Interacted_GUI_Component_IDs/query_expansion_1/bug_report_1223.txt,0.4736793637275696
/Users/junayed/Documents/NecessaryDocs/GeorgeMasonUniversity/Research/Projects/BugLocalization/Backup/CodeUnused/BuggyProjects/bug-1223/app/src/main/java/org/gnucash/android/ui/settings/TransactionsPreferenceFragment.java,../data/PreprocessedData/PreprocessedQueries-round5/Screen-2/Preprocessed_with_Interacted_GUI_Component_IDs/query_expansion_1/bug_report_1223.txt,0.5200350880622864
/Users/junayed/Documents/NecessaryDocs/GeorgeMasonUniversity/Research/Projects/BugLocalization/Backup/CodeUnused/BuggyProjects/bug-1223/app/src/main/java/org/gnucash/android/ui/settings/BookManagerFragment.java,../data/PreprocessedData/PreprocessedQueries-round5/Screen-2/Preprocessed_with_Interacted_GUI_Component_IDs/query_expansion_1/bug_report_1223.txt,0.4897369146347046
/Users/junayed/Documents/NecessaryDocs/GeorgeMasonUniversity/Research/Projects/BugLocalization/Backup/CodeUnused/BuggyProjects/bug-1223/app/src/main/java/org/gnucash/android/ui/settings/GeneralPreferenceFragment.java,../data/PreprocessedData/PreprocessedQueries-round5/Screen-2/Preprocessed_with_Interacted_GUI_Component_IDs/query_expansion_1/bug_report_1223.txt,0.423278272151947
/Users/junayed/Documents/NecessaryDocs/GeorgeMasonUniversity/Research/Projects/BugLocalization/Backup/CodeUnused/BuggyProjects/bug-1223/app/src/main/java/org/gnucash/android/ui/settings/AboutPreferenceFragment.java,../data/PreprocessedData/PreprocessedQueries-round5/Screen-2/Preprocessed_with_Interacted_GUI_Component_IDs/query_expansion_1/bug_report_1223.txt,0.4851529598236084
/Users/junayed/Documents/NecessaryDocs/GeorgeMasonUniversity/Research/Projects/BugLocalization/Backup/CodeUnused/BuggyProjects/bug-1223/app/src/main/java/org/gnucash/android/ui/settings/BackupPreferenceFragment.java,../data/PreprocessedData/PreprocessedQueries-round5/Screen-2/Preprocessed_with_Interacted_GUI_Component_IDs/query_expansion_1/bug_report_1223.txt,0.4612070322036743
/Users/junayed/Documents/NecessaryDocs/GeorgeMasonUniversity/Research/Projects/BugLocalization/Backup/CodeUnused/BuggyProjects/bug-1223/app/src/main/java/org/gnucash/android/ui/settings/PreferenceHeadersFragment.java,../data/PreprocessedData/PreprocessedQueries-round5/Screen-2/Preprocessed_with_Interacted_GUI_Component_IDs/query_expansion_1/bug_report_1223.txt,0.33655089139938354
/Users/junayed/Documents/NecessaryDocs/GeorgeMasonUniversity/Research/Projects/BugLocalization/Backup/CodeUnused/BuggyProjects/bug-1223/app/src/main/java/org/gnucash/android/ui/settings/PreferenceActivity.java,../data/PreprocessedData/PreprocessedQueries-round5/Screen-2/Preprocessed_with_Interacted_GUI_Component_IDs/query_expansion_1/bug_report_1223.txt,0.49130770564079285
/Users/junayed/Documents/NecessaryDocs/GeorgeMasonUniversity/Research/Projects/BugLocalization/Backup/CodeUnused/BuggyProjects/bug-1223/app/src/main/java/org/gnucash/android/ui/settings/AccountPreferencesFragment.java,../data/PreprocessedData/PreprocessedQueries-round5/Screen-2/Preprocessed_with_Interacted_GUI_Component_IDs/query_expansion_1/bug_report_1223.txt,0.4967958629131317
/Users/junayed/Documents/NecessaryDocs/GeorgeMasonUniversity/Research/Projects/BugLocalization/Backup/CodeUnused/BuggyProjects/bug-1223/app/src/main/java/org/gnucash/android/ui/settings/dialog/OwnCloudDialogFragment.java,../data/PreprocessedData/PreprocessedQueries-round5/Screen-2/Preprocessed_with_Interacted_GUI_Component_IDs/query_expansion_1/bug_report_1223.txt,0.4616287648677826
/Users/junayed/Documents/NecessaryDocs/GeorgeMasonUniversity/Research/Projects/BugLocalization/Backup/CodeUnused/BuggyProjects/bug-1223/app/src/main/java/org/gnucash/android/ui/settings/dialog/DeleteAllAccountsConfirmationDialog.java,../data/PreprocessedData/PreprocessedQueries-round5/Screen-2/Preprocessed_with_Interacted_GUI_Component_IDs/query_expansion_1/bug_report_1223.txt,0.43147942423820496
/Users/junayed/Documents/NecessaryDocs/GeorgeMasonUniversity/Research/Projects/BugLocalization/Backup/CodeUnused/BuggyProjects/bug-1223/app/src/main/java/org/gnucash/android/ui/settings/dialog/DeleteAllTransactionsConfirmationDialog.java,../data/PreprocessedData/PreprocessedQueries-round5/Screen-2/Preprocessed_with_Interacted_GUI_Component_IDs/query_expansion_1/bug_report_1223.txt,0.47725021839141846
/Users/junayed/Documents/NecessaryDocs/GeorgeMasonUniversity/Research/Projects/BugLocalization/Backup/CodeUnused/BuggyProjects/bug-1223/app/src/main/java/org/gnucash/android/ui/colorpicker/ColorSquare.java,../data/PreprocessedData/PreprocessedQueries-round5/Screen-2/Preprocessed_with_Interacted_GUI_Component_IDs/query_expansion_1/bug_report_1223.txt,0.42796364426612854
/Users/junayed/Documents/NecessaryDocs/GeorgeMasonUniversity/Research/Projects/BugLocalization/Backup/CodeUnused/BuggyProjects/bug-1223/app/src/main/java/org/gnucash/android/ui/colorpicker/ColorStateDrawable.java,../data/PreprocessedData/PreprocessedQueries-round5/Screen-2/Preprocessed_with_Interacted_GUI_Component_IDs/query_expansion_1/bug_report_1223.txt,0.3963201940059662
/Users/junayed/Documents/NecessaryDocs/GeorgeMasonUniversity/Research/Projects/BugLocalization/Backup/CodeUnused/BuggyProjects/bug-1223/app/src/main/java/org/gnucash/android/ui/colorpicker/HsvColorComparator.java,../data/PreprocessedData/PreprocessedQueries-round5/Screen-2/Preprocessed_with_Interacted_GUI_Component_IDs/query_expansion_1/bug_report_1223.txt,0.23379340767860413
/Users/junayed/Documents/NecessaryDocs/GeorgeMasonUniversity/Research/Projects/BugLocalization/Backup/CodeUnused/BuggyProjects/bug-1223/app/src/main/java/org/gnucash/android/ui/colorpicker/ColorPickerDialog.java,../data/PreprocessedData/PreprocessedQueries-round5/Screen-2/Preprocessed_with_Interacted_GUI_Component_IDs/query_expansion_1/bug_report_1223.txt,0.4223749339580536
/Users/junayed/Documents/NecessaryDocs/GeorgeMasonUniversity/Research/Projects/BugLocalization/Backup/CodeUnused/BuggyProjects/bug-1223/app/src/main/java/org/gnucash/android/ui/colorpicker/ColorPickerSwatch.java,../data/PreprocessedData/PreprocessedQueries-round5/Screen-2/Preprocessed_with_Interacted_GUI_Component_IDs/query_expansion_1/bug_report_1223.txt,0.44834038615226746
/Users/junayed/Documents/NecessaryDocs/GeorgeMasonUniversity/Research/Projects/BugLocalization/Backup/CodeUnused/BuggyProjects/bug-1223/app/src/main/java/org/gnucash/android/ui/colorpicker/ColorPickerPalette.java,../data/PreprocessedData/PreprocessedQueries-round5/Screen-2/Preprocessed_with_Interacted_GUI_Component_IDs/query_expansion_1/bug_report_1223.txt,0.43607592582702637
/Users/junayed/Documents/NecessaryDocs/GeorgeMasonUniversity/Research/Projects/BugLocalization/Backup/CodeUnused/BuggyProjects/bug-1223/app/src/main/java/org/gnucash/android/ui/transaction/OnTransferFundsListener.java,../data/PreprocessedData/PreprocessedQueries-round5/Screen-2/Preprocessed_with_Interacted_GUI_Component_IDs/query_expansion_1/bug_report_1223.txt,0.35928207635879517
/Users/junayed/Documents/NecessaryDocs/GeorgeMasonUniversity/Research/Projects/BugLocalization/Backup/CodeUnused/BuggyProjects/bug-1223/app/src/main/java/org/gnucash/android/ui/transaction/TransactionsListFragment.java,../data/PreprocessedData/PreprocessedQueries-round5/Screen-2/Preprocessed_with_Interacted_GUI_Component_IDs/query_expansion_1/bug_report_1223.txt,0.5230928063392639
/Users/junayed/Documents/NecessaryDocs/GeorgeMasonUniversity/Research/Projects/BugLocalization/Backup/CodeUnused/BuggyProjects/bug-1223/app/src/main/java/org/gnucash/android/ui/transaction/TransactionDetailActivity.java,../data/PreprocessedData/PreprocessedQueries-round5/Screen-2/Preprocessed_with_Interacted_GUI_Component_IDs/query_expansion_1/bug_report_1223.txt,0.5193808078765869
/Users/junayed/Documents/NecessaryDocs/GeorgeMasonUniversity/Research/Projects/BugLocalization/Backup/CodeUnused/BuggyProjects/bug-1223/app/src/main/java/org/gnucash/android/ui/transaction/ScheduledActionsListFragment.java,../data/PreprocessedData/PreprocessedQueries-round5/Screen-2/Preprocessed_with_Interacted_GUI_Component_IDs/query_expansion_1/bug_report_1223.txt,0.57143634557724
/Users/junayed/Documents/NecessaryDocs/GeorgeMasonUniversity/Research/Projects/BugLocalization/Backup/CodeUnused/BuggyProjects/bug-1223/app/src/main/java/org/gnucash/android/ui/transaction/TransactionsActivity.java,../data/PreprocessedData/PreprocessedQueries-round5/Screen-2/Preprocessed_with_Interacted_GUI_Component_IDs/query_expansion_1/bug_report_1223.txt,0.5087159276008606
/Users/junayed/Documents/NecessaryDocs/GeorgeMasonUniversity/Research/Projects/BugLocalization/Backup/CodeUnused/BuggyProjects/bug-1223/app/src/main/java/org/gnucash/android/ui/transaction/OnTransactionClickedListener.java,../data/PreprocessedData/PreprocessedQueries-round5/Screen-2/Preprocessed_with_Interacted_GUI_Component_IDs/query_expansion_1/bug_report_1223.txt,0.3791956901550293
/Users/junayed/Documents/NecessaryDocs/GeorgeMasonUniversity/Research/Projects/BugLocalization/Backup/CodeUnused/BuggyProjects/bug-1223/app/src/main/java/org/gnucash/android/ui/transaction/ScheduledActionsActivity.java,../data/PreprocessedData/PreprocessedQueries-round5/Screen-2/Preprocessed_with_Interacted_GUI_Component_IDs/query_expansion_1/bug_report_1223.txt,0.4696843922138214
/Users/junayed/Documents/NecessaryDocs/GeorgeMasonUniversity/Research/Projects/BugLocalization/Backup/CodeUnused/BuggyProjects/bug-1223/app/src/main/java/org/gnucash/android/ui/transaction/dialog/TransactionsDeleteConfirmationDialogFragment.java,../data/PreprocessedData/PreprocessedQueries-round5/Screen-2/Preprocessed_with_Interacted_GUI_Component_IDs/query_expansion_1/bug_report_1223.txt,0.4893231987953186
/Users/junayed/Documents/NecessaryDocs/GeorgeMasonUniversity/Research/Projects/BugLocalization/Backup/CodeUnused/BuggyProjects/bug-1223/app/src/main/java/org/gnucash/android/ui/transaction/dialog/TransferFundsDialogFragment.java,../data/PreprocessedData/PreprocessedQueries-round5/Screen-2/Preprocessed_with_Interacted_GUI_Component_IDs/query_expansion_1/bug_report_1223.txt,0.4451885521411896
/Users/junayed/Documents/NecessaryDocs/GeorgeMasonUniversity/Research/Projects/BugLocalization/Backup/CodeUnused/BuggyProjects/bug-1223/app/src/main/java/org/gnucash/android/ui/transaction/dialog/BulkMoveDialogFragment.java,../data/PreprocessedData/PreprocessedQueries-round5/Screen-2/Preprocessed_with_Interacted_GUI_Component_IDs/query_expansion_1/bug_report_1223.txt,0.5462815165519714
/Users/junayed/Documents/NecessaryDocs/GeorgeMasonUniversity/Research/Projects/BugLocalization/Backup/CodeUnused/BuggyProjects/bug-1223/app/src/main/java/org/gnucash/android/ui/passcode/PasscodeLockScreenActivity.java,../data/PreprocessedData/PreprocessedQueries-round5/Screen-2/Preprocessed_with_Interacted_GUI_Component_IDs/query_expansion_1/bug_report_1223.txt,0.5024892091751099
/Users/junayed/Documents/NecessaryDocs/GeorgeMasonUniversity/Research/Projects/BugLocalization/Backup/CodeUnused/BuggyProjects/bug-1223/app/src/main/java/org/gnucash/android/ui/passcode/PasscodePreferenceActivity.java,../data/PreprocessedData/PreprocessedQueries-round5/Screen-2/Preprocessed_with_Interacted_GUI_Component_IDs/query_expansion_1/bug_report_1223.txt,0.42571577429771423
/Users/junayed/Documents/NecessaryDocs/GeorgeMasonUniversity/Research/Projects/BugLocalization/Backup/CodeUnused/BuggyProjects/bug-1223/app/src/main/java/org/gnucash/android/ui/passcode/PasscodeLockActivity.java,../data/PreprocessedData/PreprocessedQueries-round5/Screen-2/Preprocessed_with_Interacted_GUI_Component_IDs/query_expansion_1/bug_report_1223.txt,0.4320504069328308
/Users/junayed/Documents/NecessaryDocs/GeorgeMasonUniversity/Research/Projects/BugLocalization/Backup/CodeUnused/BuggyProjects/bug-1223/app/src/main/java/org/gnucash/android/ui/passcode/KeyboardFragment.java,../data/PreprocessedData/PreprocessedQueries-round5/Screen-2/Preprocessed_with_Interacted_GUI_Component_IDs/query_expansion_1/bug_report_1223.txt,0.40294668078422546
/Users/junayed/Documents/NecessaryDocs/GeorgeMasonUniversity/Research/Projects/BugLocalization/Backup/CodeUnused/BuggyProjects/bug-1223/app/src/main/java/org/gnucash/android/ui/common/Refreshable.java,../data/PreprocessedData/PreprocessedQueries-round5/Screen-2/Preprocessed_with_Interacted_GUI_Component_IDs/query_expansion_1/bug_report_1223.txt,0.23416121304035187
/Users/junayed/Documents/NecessaryDocs/GeorgeMasonUniversity/Research/Projects/BugLocalization/Backup/CodeUnused/BuggyProjects/bug-1223/app/src/main/java/org/gnucash/android/ui/common/UxArgument.java,../data/PreprocessedData/PreprocessedQueries-round5/Screen-2/Preprocessed_with_Interacted_GUI_Component_IDs/query_expansion_1/bug_report_1223.txt,0.4179958403110504
/Users/junayed/Documents/NecessaryDocs/GeorgeMasonUniversity/Research/Projects/BugLocalization/Backup/CodeUnused/BuggyProjects/bug-1223/app/src/main/java/org/gnucash/android/ui/common/BaseDrawerActivity.java,../data/PreprocessedData/PreprocessedQueries-round5/Screen-2/Preprocessed_with_Interacted_GUI_Component_IDs/query_expansion_1/bug_report_1223.txt,0.5159680843353271
/Users/junayed/Documents/NecessaryDocs/GeorgeMasonUniversity/Research/Projects/BugLocalization/Backup/CodeUnused/BuggyProjects/bug-1223/app/src/main/java/org/gnucash/android/service/ScheduledActionService.java,../data/PreprocessedData/PreprocessedQueries-round5/Screen-2/Preprocessed_with_Interacted_GUI_Component_IDs/query_expansion_1/bug_report_1223.txt,0.4226686358451843
/Users/junayed/Documents/NecessaryDocs/GeorgeMasonUniversity/Research/Projects/BugLocalization/Backup/CodeUnused/BuggyProjects/bug-1223/app/src/main/java/org/gnucash/android/util/PreferencesHelper.java,../data/PreprocessedData/PreprocessedQueries-round5/Screen-2/Preprocessed_with_Interacted_GUI_Component_IDs/query_expansion_1/bug_report_1223.txt,0.37997207045555115
/Users/junayed/Documents/NecessaryDocs/GeorgeMasonUniversity/Research/Projects/BugLocalization/Backup/CodeUnused/BuggyProjects/bug-1223/app/src/main/java/org/gnucash/android/util/AmountParser.java,../data/PreprocessedData/PreprocessedQueries-round5/Screen-2/Preprocessed_with_Interacted_GUI_Component_IDs/query_expansion_1/bug_report_1223.txt,0.3633708655834198
/Users/junayed/Documents/NecessaryDocs/GeorgeMasonUniversity/Research/Projects/BugLocalization/Backup/CodeUnused/BuggyProjects/bug-1223/app/src/main/java/org/gnucash/android/util/BookUtils.java,../data/PreprocessedData/PreprocessedQueries-round5/Screen-2/Preprocessed_with_Interacted_GUI_Component_IDs/query_expansion_1/bug_report_1223.txt,0.3536405563354492
/Users/junayed/Documents/NecessaryDocs/GeorgeMasonUniversity/Research/Projects/BugLocalization/Backup/CodeUnused/BuggyProjects/bug-1223/app/src/main/java/org/gnucash/android/util/CommoditiesCursorAdapter.java,../data/PreprocessedData/PreprocessedQueries-round5/Screen-2/Preprocessed_with_Interacted_GUI_Component_IDs/query_expansion_1/bug_report_1223.txt,0.4278324246406555
/Users/junayed/Documents/NecessaryDocs/GeorgeMasonUniversity/Research/Projects/BugLocalization/Backup/CodeUnused/BuggyProjects/bug-1223/app/src/main/java/org/gnucash/android/util/RecursiveMoveFiles.java,../data/PreprocessedData/PreprocessedQueries-round5/Screen-2/Preprocessed_with_Interacted_GUI_Component_IDs/query_expansion_1/bug_report_1223.txt,0.302118182182312
/Users/junayed/Documents/NecessaryDocs/GeorgeMasonUniversity/Research/Projects/BugLocalization/Backup/CodeUnused/BuggyProjects/bug-1223/app/src/main/java/org/gnucash/android/util/QualifiedAccountNameCursorAdapter.java,../data/PreprocessedData/PreprocessedQueries-round5/Screen-2/Preprocessed_with_Interacted_GUI_Component_IDs/query_expansion_1/bug_report_1223.txt,0.4287283420562744
/Users/junayed/Documents/NecessaryDocs/GeorgeMasonUniversity/Research/Projects/BugLocalization/Backup/CodeUnused/BuggyProjects/bug-1223/app/src/main/java/org/gnucash/android/util/TimestampHelper.java,../data/PreprocessedData/PreprocessedQueries-round5/Screen-2/Preprocessed_with_Interacted_GUI_Component_IDs/query_expansion_1/bug_report_1223.txt,0.330335408449173
/Users/junayed/Documents/NecessaryDocs/GeorgeMasonUniversity/Research/Projects/BugLocalization/Backup/CodeUnused/BuggyProjects/bug-1223/app/src/main/java/org/gnucash/android/app/GnuCashApplication.java,../data/PreprocessedData/PreprocessedQueries-round5/Screen-2/Preprocessed_with_Interacted_GUI_Component_IDs/query_expansion_1/bug_report_1223.txt,0.4672675132751465
/Users/junayed/Documents/NecessaryDocs/GeorgeMasonUniversity/Research/Projects/BugLocalization/Backup/CodeUnused/BuggyProjects/bug-1223/app/src/main/java/org/gnucash/android/db/BookDbHelper.java,../data/PreprocessedData/PreprocessedQueries-round5/Screen-2/Preprocessed_with_Interacted_GUI_Component_IDs/query_expansion_1/bug_report_1223.txt,0.44742661714553833
/Users/junayed/Documents/NecessaryDocs/GeorgeMasonUniversity/Research/Projects/BugLocalization/Backup/CodeUnused/BuggyProjects/bug-1223/app/src/main/java/org/gnucash/android/db/DatabaseCursorLoader.java,../data/PreprocessedData/PreprocessedQueries-round5/Screen-2/Preprocessed_with_Interacted_GUI_Component_IDs/query_expansion_1/bug_report_1223.txt,0.3322598338127136
/Users/junayed/Documents/NecessaryDocs/GeorgeMasonUniversity/Research/Projects/BugLocalization/Backup/CodeUnused/BuggyProjects/bug-1223/app/src/main/java/org/gnucash/android/db/MigrationHelper.java,../data/PreprocessedData/PreprocessedQueries-round5/Screen-2/Preprocessed_with_Interacted_GUI_Component_IDs/query_expansion_1/bug_report_1223.txt,0.5363045334815979
/Users/junayed/Documents/NecessaryDocs/GeorgeMasonUniversity/Research/Projects/BugLocalization/Backup/CodeUnused/BuggyProjects/bug-1223/app/src/main/java/org/gnucash/android/db/DatabaseHelper.java,../data/PreprocessedData/PreprocessedQueries-round5/Screen-2/Preprocessed_with_Interacted_GUI_Component_IDs/query_expansion_1/bug_report_1223.txt,0.48494952917099
/Users/junayed/Documents/NecessaryDocs/GeorgeMasonUniversity/Research/Projects/BugLocalization/Backup/CodeUnused/BuggyProjects/bug-1223/app/src/main/java/org/gnucash/android/db/DatabaseSchema.java,../data/PreprocessedData/PreprocessedQueries-round5/Screen-2/Preprocessed_with_Interacted_GUI_Component_IDs/query_expansion_1/bug_report_1223.txt,0.49987566471099854
/Users/junayed/Documents/NecessaryDocs/GeorgeMasonUniversity/Research/Projects/BugLocalization/Backup/CodeUnused/BuggyProjects/bug-1223/app/src/main/java/org/gnucash/android/db/adapter/RecurrenceDbAdapter.java,../data/PreprocessedData/PreprocessedQueries-round5/Screen-2/Preprocessed_with_Interacted_GUI_Component_IDs/query_expansion_1/bug_report_1223.txt,0.30887335538864136
/Users/junayed/Documents/NecessaryDocs/GeorgeMasonUniversity/Research/Projects/BugLocalization/Backup/CodeUnused/BuggyProjects/bug-1223/app/src/main/java/org/gnucash/android/db/adapter/PricesDbAdapter.java,../data/PreprocessedData/PreprocessedQueries-round5/Screen-2/Preprocessed_with_Interacted_GUI_Component_IDs/query_expansion_1/bug_report_1223.txt,0.4132307171821594
/Users/junayed/Documents/NecessaryDocs/GeorgeMasonUniversity/Research/Projects/BugLocalization/Backup/CodeUnused/BuggyProjects/bug-1223/app/src/main/java/org/gnucash/android/db/adapter/CommoditiesDbAdapter.java,../data/PreprocessedData/PreprocessedQueries-round5/Screen-2/Preprocessed_with_Interacted_GUI_Component_IDs/query_expansion_1/bug_report_1223.txt,0.35315799713134766
/Users/junayed/Documents/NecessaryDocs/GeorgeMasonUniversity/Research/Projects/BugLocalization/Backup/CodeUnused/BuggyProjects/bug-1223/app/src/main/java/org/gnucash/android/db/adapter/BooksDbAdapter.java,../data/PreprocessedData/PreprocessedQueries-round5/Screen-2/Preprocessed_with_Interacted_GUI_Component_IDs/query_expansion_1/bug_report_1223.txt,0.3234025537967682
/Users/junayed/Documents/NecessaryDocs/GeorgeMasonUniversity/Research/Projects/BugLocalization/Backup/CodeUnused/BuggyProjects/bug-1223/app/src/main/java/org/gnucash/android/db/adapter/DatabaseAdapter.java,../data/PreprocessedData/PreprocessedQueries-round5/Screen-2/Preprocessed_with_Interacted_GUI_Component_IDs/query_expansion_1/bug_report_1223.txt,0.5149333477020264
/Users/junayed/Documents/NecessaryDocs/GeorgeMasonUniversity/Research/Projects/BugLocalization/Backup/CodeUnused/BuggyProjects/bug-1223/app/src/main/java/org/gnucash/android/db/adapter/SplitsDbAdapter.java,../data/PreprocessedData/PreprocessedQueries-round5/Screen-2/Preprocessed_with_Interacted_GUI_Component_IDs/query_expansion_1/bug_report_1223.txt,0.5314016938209534
/Users/junayed/Documents/NecessaryDocs/GeorgeMasonUniversity/Research/Projects/BugLocalization/Backup/CodeUnused/BuggyProjects/bug-1223/app/src/main/java/org/gnucash/android/db/adapter/BudgetAmountsDbAdapter.java,../data/PreprocessedData/PreprocessedQueries-round5/Screen-2/Preprocessed_with_Interacted_GUI_Component_IDs/query_expansion_1/bug_report_1223.txt,0.29291439056396484
/Users/junayed/Documents/NecessaryDocs/GeorgeMasonUniversity/Research/Projects/BugLocalization/Backup/CodeUnused/BuggyProjects/bug-1223/app/src/main/java/org/gnucash/android/db/adapter/BudgetsDbAdapter.java,../data/PreprocessedData/PreprocessedQueries-round5/Screen-2/Preprocessed_with_Interacted_GUI_Component_IDs/query_expansion_1/bug_report_1223.txt,0.31801772117614746
/Users/junayed/Documents/NecessaryDocs/GeorgeMasonUniversity/Research/Projects/BugLocalization/Backup/CodeUnused/BuggyProjects/bug-1223/app/src/main/java/org/gnucash/android/db/adapter/ScheduledActionDbAdapter.java,../data/PreprocessedData/PreprocessedQueries-round5/Screen-2/Preprocessed_with_Interacted_GUI_Component_IDs/query_expansion_1/bug_report_1223.txt,0.37067145109176636
/Users/junayed/Documents/NecessaryDocs/GeorgeMasonUniversity/Research/Projects/BugLocalization/Backup/CodeUnused/BuggyProjects/bug-1223/app/src/main/java/org/gnucash/android/db/adapter/TransactionsDbAdapter.java,../data/PreprocessedData/PreprocessedQueries-round5/Screen-2/Preprocessed_with_Interacted_GUI_Component_IDs/query_expansion_1/bug_report_1223.txt,0.5175969004631042
/Users/junayed/Documents/NecessaryDocs/GeorgeMasonUniversity/Research/Projects/BugLocalization/Backup/CodeUnused/BuggyProjects/bug-1223/app/src/main/java/org/gnucash/android/db/adapter/AccountsDbAdapter.java,../data/PreprocessedData/PreprocessedQueries-round5/Screen-2/Preprocessed_with_Interacted_GUI_Component_IDs/query_expansion_1/bug_report_1223.txt,0.5028095245361328
/Users/junayed/Documents/NecessaryDocs/GeorgeMasonUniversity/Research/Projects/BugLocalization/Backup/CodeUnused/BuggyProjects/bug-1223/app/src/main/java/org/gnucash/android/export/DropboxHelper.java,../data/PreprocessedData/PreprocessedQueries-round5/Screen-2/Preprocessed_with_Interacted_GUI_Component_IDs/query_expansion_1/bug_report_1223.txt,0.41878989338874817
/Users/junayed/Documents/NecessaryDocs/GeorgeMasonUniversity/Research/Projects/BugLocalization/Backup/CodeUnused/BuggyProjects/bug-1223/app/src/main/java/org/gnucash/android/export/ExportParams.java,../data/PreprocessedData/PreprocessedQueries-round5/Screen-2/Preprocessed_with_Interacted_GUI_Component_IDs/query_expansion_1/bug_report_1223.txt,0.41945627331733704
/Users/junayed/Documents/NecessaryDocs/GeorgeMasonUniversity/Research/Projects/BugLocalization/Backup/CodeUnused/BuggyProjects/bug-1223/app/src/main/java/org/gnucash/android/export/ExportAsyncTask.java,../data/PreprocessedData/PreprocessedQueries-round5/Screen-2/Preprocessed_with_Interacted_GUI_Component_IDs/query_expansion_1/bug_report_1223.txt,0.44762226939201355
/Users/junayed/Documents/NecessaryDocs/GeorgeMasonUniversity/Research/Projects/BugLocalization/Backup/CodeUnused/BuggyProjects/bug-1223/app/src/main/java/org/gnucash/android/export/Exporter.java,../data/PreprocessedData/PreprocessedQueries-round5/Screen-2/Preprocessed_with_Interacted_GUI_Component_IDs/query_expansion_1/bug_report_1223.txt,0.46113088726997375
/Users/junayed/Documents/NecessaryDocs/GeorgeMasonUniversity/Research/Projects/BugLocalization/Backup/CodeUnused/BuggyProjects/bug-1223/app/src/main/java/org/gnucash/android/export/ExportFormat.java,../data/PreprocessedData/PreprocessedQueries-round5/Screen-2/Preprocessed_with_Interacted_GUI_Component_IDs/query_expansion_1/bug_report_1223.txt,0.4034700095653534
/Users/junayed/Documents/NecessaryDocs/GeorgeMasonUniversity/Research/Projects/BugLocalization/Backup/CodeUnused/BuggyProjects/bug-1223/app/src/main/java/org/gnucash/android/export/ofx/OfxExporter.java,../data/PreprocessedData/PreprocessedQueries-round5/Screen-2/Preprocessed_with_Interacted_GUI_Component_IDs/query_expansion_1/bug_report_1223.txt,0.42703306674957275
/Users/junayed/Documents/NecessaryDocs/GeorgeMasonUniversity/Research/Projects/BugLocalization/Backup/CodeUnused/BuggyProjects/bug-1223/app/src/main/java/org/gnucash/android/export/ofx/OfxHelper.java,../data/PreprocessedData/PreprocessedQueries-round5/Screen-2/Preprocessed_with_Interacted_GUI_Component_IDs/query_expansion_1/bug_report_1223.txt,0.390471875667572
/Users/junayed/Documents/NecessaryDocs/GeorgeMasonUniversity/Research/Projects/BugLocalization/Backup/CodeUnused/BuggyProjects/bug-1223/app/src/main/java/org/gnucash/android/export/qif/QifHelper.java,../data/PreprocessedData/PreprocessedQueries-round5/Screen-2/Preprocessed_with_Interacted_GUI_Component_IDs/query_expansion_1/bug_report_1223.txt,0.4347033202648163
/Users/junayed/Documents/NecessaryDocs/GeorgeMasonUniversity/Research/Projects/BugLocalization/Backup/CodeUnused/BuggyProjects/bug-1223/app/src/main/java/org/gnucash/android/export/qif/QifExporter.java,../data/PreprocessedData/PreprocessedQueries-round5/Screen-2/Preprocessed_with_Interacted_GUI_Component_IDs/query_expansion_1/bug_report_1223.txt,0.5165565013885498
/Users/junayed/Documents/NecessaryDocs/GeorgeMasonUniversity/Research/Projects/BugLocalization/Backup/CodeUnused/BuggyProjects/bug-1223/app/src/main/java/org/gnucash/android/export/xml/GncXmlHelper.java,../data/PreprocessedData/PreprocessedQueries-round5/Screen-2/Preprocessed_with_Interacted_GUI_Component_IDs/query_expansion_1/bug_report_1223.txt,0.48539644479751587
/Users/junayed/Documents/NecessaryDocs/GeorgeMasonUniversity/Research/Projects/BugLocalization/Backup/CodeUnused/BuggyProjects/bug-1223/app/src/main/java/org/gnucash/android/export/xml/GncXmlExporter.java,../data/PreprocessedData/PreprocessedQueries-round5/Screen-2/Preprocessed_with_Interacted_GUI_Component_IDs/query_expansion_1/bug_report_1223.txt,0.4584062695503235
/Users/junayed/Documents/NecessaryDocs/GeorgeMasonUniversity/Research/Projects/BugLocalization/Backup/CodeUnused/BuggyProjects/bug-1223/app/src/main/java/org/gnucash/android/model/BaseModel.java,../data/PreprocessedData/PreprocessedQueries-round5/Screen-2/Preprocessed_with_Interacted_GUI_Component_IDs/query_expansion_1/bug_report_1223.txt,0.26981985569000244
/Users/junayed/Documents/NecessaryDocs/GeorgeMasonUniversity/Research/Projects/BugLocalization/Backup/CodeUnused/BuggyProjects/bug-1223/app/src/main/java/org/gnucash/android/model/TransactionType.java,../data/PreprocessedData/PreprocessedQueries-round5/Screen-2/Preprocessed_with_Interacted_GUI_Component_IDs/query_expansion_1/bug_report_1223.txt,0.39772406220436096
/Users/junayed/Documents/NecessaryDocs/GeorgeMasonUniversity/Research/Projects/BugLocalization/Backup/CodeUnused/BuggyProjects/bug-1223/app/src/main/java/org/gnucash/android/model/BudgetAmount.java,../data/PreprocessedData/PreprocessedQueries-round5/Screen-2/Preprocessed_with_Interacted_GUI_Component_IDs/query_expansion_1/bug_report_1223.txt,0.3386070430278778
/Users/junayed/Documents/NecessaryDocs/GeorgeMasonUniversity/Research/Projects/BugLocalization/Backup/CodeUnused/BuggyProjects/bug-1223/app/src/main/java/org/gnucash/android/model/Recurrence.java,../data/PreprocessedData/PreprocessedQueries-round5/Screen-2/Preprocessed_with_Interacted_GUI_Component_IDs/query_expansion_1/bug_report_1223.txt,0.4143882989883423
/Users/junayed/Documents/NecessaryDocs/GeorgeMasonUniversity/Research/Projects/BugLocalization/Backup/CodeUnused/BuggyProjects/bug-1223/app/src/main/java/org/gnucash/android/model/Budget.java,../data/PreprocessedData/PreprocessedQueries-round5/Screen-2/Preprocessed_with_Interacted_GUI_Component_IDs/query_expansion_1/bug_report_1223.txt,0.3843233287334442
/Users/junayed/Documents/NecessaryDocs/GeorgeMasonUniversity/Research/Projects/BugLocalization/Backup/CodeUnused/BuggyProjects/bug-1223/app/src/main/java/org/gnucash/android/model/Price.java,../data/PreprocessedData/PreprocessedQueries-round5/Screen-2/Preprocessed_with_Interacted_GUI_Component_IDs/query_expansion_1/bug_report_1223.txt,0.327271431684494
/Users/junayed/Documents/NecessaryDocs/GeorgeMasonUniversity/Research/Projects/BugLocalization/Backup/CodeUnused/BuggyProjects/bug-1223/app/src/main/java/org/gnucash/android/model/Split.java,../data/PreprocessedData/PreprocessedQueries-round5/Screen-2/Preprocessed_with_Interacted_GUI_Component_IDs/query_expansion_1/bug_report_1223.txt,0.5567232966423035
/Users/junayed/Documents/NecessaryDocs/GeorgeMasonUniversity/Research/Projects/BugLocalization/Backup/CodeUnused/BuggyProjects/bug-1223/app/src/main/java/org/gnucash/android/model/Transaction.java,../data/PreprocessedData/PreprocessedQueries-round5/Screen-2/Preprocessed_with_Interacted_GUI_Component_IDs/query_expansion_1/bug_report_1223.txt,0.5069329738616943
/Users/junayed/Documents/NecessaryDocs/GeorgeMasonUniversity/Research/Projects/BugLocalization/Backup/CodeUnused/BuggyProjects/bug-1223/app/src/main/java/org/gnucash/android/model/Commodity.java,../data/PreprocessedData/PreprocessedQueries-round5/Screen-2/Preprocessed_with_Interacted_GUI_Component_IDs/query_expansion_1/bug_report_1223.txt,0.3970496654510498
/Users/junayed/Documents/NecessaryDocs/GeorgeMasonUniversity/Research/Projects/BugLocalization/Backup/CodeUnused/BuggyProjects/bug-1223/app/src/main/java/org/gnucash/android/model/PeriodType.java,../data/PreprocessedData/PreprocessedQueries-round5/Screen-2/Preprocessed_with_Interacted_GUI_Component_IDs/query_expansion_1/bug_report_1223.txt,0.4540695548057556
/Users/junayed/Documents/NecessaryDocs/GeorgeMasonUniversity/Research/Projects/BugLocalization/Backup/CodeUnused/BuggyProjects/bug-1223/app/src/main/java/org/gnucash/android/model/Book.java,../data/PreprocessedData/PreprocessedQueries-round5/Screen-2/Preprocessed_with_Interacted_GUI_Component_IDs/query_expansion_1/bug_report_1223.txt,0.3304956555366516
/Users/junayed/Documents/NecessaryDocs/GeorgeMasonUniversity/Research/Projects/BugLocalization/Backup/CodeUnused/BuggyProjects/bug-1223/app/src/main/java/org/gnucash/android/model/ScheduledAction.java,../data/PreprocessedData/PreprocessedQueries-round5/Screen-2/Preprocessed_with_Interacted_GUI_Component_IDs/query_expansion_1/bug_report_1223.txt,0.426482617855072
/Users/junayed/Documents/NecessaryDocs/GeorgeMasonUniversity/Research/Projects/BugLocalization/Backup/CodeUnused/BuggyProjects/bug-1223/app/src/main/java/org/gnucash/android/model/Account.java,../data/PreprocessedData/PreprocessedQueries-round5/Screen-2/Preprocessed_with_Interacted_GUI_Component_IDs/query_expansion_1/bug_report_1223.txt,0.42499208450317383
/Users/junayed/Documents/NecessaryDocs/GeorgeMasonUniversity/Research/Projects/BugLocalization/Backup/CodeUnused/BuggyProjects/bug-1223/app/src/main/java/org/gnucash/android/model/AccountType.java,../data/PreprocessedData/PreprocessedQueries-round5/Screen-2/Preprocessed_with_Interacted_GUI_Component_IDs/query_expansion_1/bug_report_1223.txt,0.4075600504875183
/Users/junayed/Documents/NecessaryDocs/GeorgeMasonUniversity/Research/Projects/BugLocalization/Backup/CodeUnused/BuggyProjects/bug-1223/app/src/main/java/org/gnucash/android/model/Money.java,../data/PreprocessedData/PreprocessedQueries-round5/Screen-2/Preprocessed_with_Interacted_GUI_Component_IDs/query_expansion_1/bug_report_1223.txt,0.47016870975494385
/Users/junayed/Documents/NecessaryDocs/GeorgeMasonUniversity/Research/Projects/BugLocalization/Backup/CodeUnused/BuggyProjects/bug-1223/app/src/main/java/org/gnucash/android/importer/CommoditiesXmlHandler.java,../data/PreprocessedData/PreprocessedQueries-round5/Screen-2/Preprocessed_with_Interacted_GUI_Component_IDs/query_expansion_1/bug_report_1223.txt,0.42957016825675964
/Users/junayed/Documents/NecessaryDocs/GeorgeMasonUniversity/Research/Projects/BugLocalization/Backup/CodeUnused/BuggyProjects/bug-1223/app/src/main/java/org/gnucash/android/importer/ImportAsyncTask.java,../data/PreprocessedData/PreprocessedQueries-round5/Screen-2/Preprocessed_with_Interacted_GUI_Component_IDs/query_expansion_1/bug_report_1223.txt,0.4291899800300598
/Users/junayed/Documents/NecessaryDocs/GeorgeMasonUniversity/Research/Projects/BugLocalization/Backup/CodeUnused/BuggyProjects/bug-1223/app/src/main/java/org/gnucash/android/importer/GncXmlImporter.java,../data/PreprocessedData/PreprocessedQueries-round5/Screen-2/Preprocessed_with_Interacted_GUI_Component_IDs/query_expansion_1/bug_report_1223.txt,0.3551117181777954
/Users/junayed/Documents/NecessaryDocs/GeorgeMasonUniversity/Research/Projects/BugLocalization/Backup/CodeUnused/BuggyProjects/bug-1223/app/src/main/java/org/gnucash/android/importer/GncXmlHandler.java,../data/PreprocessedData/PreprocessedQueries-round5/Screen-2/Preprocessed_with_Interacted_GUI_Component_IDs/query_expansion_1/bug_report_1223.txt,0.5391823053359985
/Users/junayed/Documents/NecessaryDocs/GeorgeMasonUniversity/Research/Projects/BugLocalization/Backup/CodeUnused/BuggyProjects/bug-1223/app/src/release/java/org/gnucash/android/app/StethoUtils.java,../data/PreprocessedData/PreprocessedQueries-round5/Screen-2/Preprocessed_with_Interacted_GUI_Component_IDs/query_expansion_1/bug_report_1223.txt,0.3412263095378876
/Users/junayed/Documents/NecessaryDocs/GeorgeMasonUniversity/Research/Projects/BugLocalization/Backup/CodeUnused/BuggyProjects/bug-1223/app/src/debug/java/org/gnucash/android/app/StethoUtils.java,../data/PreprocessedData/PreprocessedQueries-round5/Screen-2/Preprocessed_with_Interacted_GUI_Component_IDs/query_expansion_1/bug_report_1223.txt,0.37424609065055847
/Users/junayed/Documents/NecessaryDocs/GeorgeMasonUniversity/Research/Projects/BugLocalization/Backup/CodeUnused/BuggyProjects/bug-1223/app/src/androidTest/java/org/gnucash/android/test/ui/PieChartReportTest.java,../data/PreprocessedData/PreprocessedQueries-round5/Screen-2/Preprocessed_with_Interacted_GUI_Component_IDs/query_expansion_1/bug_report_1223.txt,0.5418351888656616
/Users/junayed/Documents/NecessaryDocs/GeorgeMasonUniversity/Research/Projects/BugLocalization/Backup/CodeUnused/BuggyProjects/bug-1223/app/src/androidTest/java/org/gnucash/android/test/ui/MultiBookTest.java,../data/PreprocessedData/PreprocessedQueries-round5/Screen-2/Preprocessed_with_Interacted_GUI_Component_IDs/query_expansion_1/bug_report_1223.txt,0.48337990045547485
/Users/junayed/Documents/NecessaryDocs/GeorgeMasonUniversity/Research/Projects/BugLocalization/Backup/CodeUnused/BuggyProjects/bug-1223/app/src/androidTest/java/org/gnucash/android/test/ui/ExportTransactionsTest.java,../data/PreprocessedData/PreprocessedQueries-round5/Screen-2/Preprocessed_with_Interacted_GUI_Component_IDs/query_expansion_1/bug_report_1223.txt,0.49239131808280945
/Users/junayed/Documents/NecessaryDocs/GeorgeMasonUniversity/Research/Projects/BugLocalization/Backup/CodeUnused/BuggyProjects/bug-1223/app/src/androidTest/java/org/gnucash/android/test/ui/OwnCloudExportTest.java,../data/PreprocessedData/PreprocessedQueries-round5/Screen-2/Preprocessed_with_Interacted_GUI_Component_IDs/query_expansion_1/bug_report_1223.txt,0.51387619972229
/Users/junayed/Documents/NecessaryDocs/GeorgeMasonUniversity/Research/Projects/BugLocalization/Backup/CodeUnused/BuggyProjects/bug-1223/app/src/androidTest/java/org/gnucash/android/test/ui/CalculatorEditTextTest.java,../data/PreprocessedData/PreprocessedQueries-round5/Screen-2/Preprocessed_with_Interacted_GUI_Component_IDs/query_expansion_1/bug_report_1223.txt,0.484567254781723
/Users/junayed/Documents/NecessaryDocs/GeorgeMasonUniversity/Research/Projects/BugLocalization/Backup/CodeUnused/BuggyProjects/bug-1223/app/src/androidTest/java/org/gnucash/android/test/ui/TransactionsActivityTest.java,../data/PreprocessedData/PreprocessedQueries-round5/Screen-2/Preprocessed_with_Interacted_GUI_Component_IDs/query_expansion_1/bug_report_1223.txt,0.631359338760376
/Users/junayed/Documents/NecessaryDocs/GeorgeMasonUniversity/Research/Projects/BugLocalization/Backup/CodeUnused/BuggyProjects/bug-1223/app/src/androidTest/java/org/gnucash/android/test/ui/AccountsActivityTest.java,../data/PreprocessedData/PreprocessedQueries-round5/Screen-2/Preprocessed_with_Interacted_GUI_Component_IDs/query_expansion_1/bug_report_1223.txt,0.5565536618232727
/Users/junayed/Documents/NecessaryDocs/GeorgeMasonUniversity/Research/Projects/BugLocalization/Backup/CodeUnused/BuggyProjects/bug-1223/app/src/androidTest/java/org/gnucash/android/test/ui/FirstRunWizardActivityTest.java,../data/PreprocessedData/PreprocessedQueries-round5/Screen-2/Preprocessed_with_Interacted_GUI_Component_IDs/query_expansion_1/bug_report_1223.txt,0.5356433987617493
/Users/junayed/Documents/NecessaryDocs/GeorgeMasonUniversity/Research/Projects/BugLocalization/Backup/CodeUnused/BuggyProjects/bug-1223/app/src/androidTest/java/org/gnucash/android/test/ui/util/DisableAnimationsRule.java,../data/PreprocessedData/PreprocessedQueries-round5/Screen-2/Preprocessed_with_Interacted_GUI_Component_IDs/query_expansion_1/bug_report_1223.txt,0.4271359443664551
/Users/junayed/Documents/NecessaryDocs/GeorgeMasonUniversity/Research/Projects/BugLocalization/Backup/CodeUnused/BuggyProjects/bug-1223/app/src/androidTest/java/org/gnucash/android/test/ui/util/GnucashAndroidTestRunner.java,../data/PreprocessedData/PreprocessedQueries-round5/Screen-2/Preprocessed_with_Interacted_GUI_Component_IDs/query_expansion_1/bug_report_1223.txt,0.41650837659835815
/Users/junayed/Documents/NecessaryDocs/GeorgeMasonUniversity/Research/Projects/BugLocalization/Backup/CodeUnused/BuggyProjects/bug-1223/app/src/test/java/org/gnucash/android/test/unit/service/ScheduledActionServiceTest.java,../data/PreprocessedData/PreprocessedQueries-round5/Screen-2/Preprocessed_with_Interacted_GUI_Component_IDs/query_expansion_1/bug_report_1223.txt,0.5296022891998291
/Users/junayed/Documents/NecessaryDocs/GeorgeMasonUniversity/Research/Projects/BugLocalization/Backup/CodeUnused/BuggyProjects/bug-1223/app/src/test/java/org/gnucash/android/test/unit/util/PreferencesHelperTest.java,../data/PreprocessedData/PreprocessedQueries-round5/Screen-2/Preprocessed_with_Interacted_GUI_Component_IDs/query_expansion_1/bug_report_1223.txt,0.3293967843055725
/Users/junayed/Documents/NecessaryDocs/GeorgeMasonUniversity/Research/Projects/BugLocalization/Backup/CodeUnused/BuggyProjects/bug-1223/app/src/test/java/org/gnucash/android/test/unit/util/AmountParserTest.java,../data/PreprocessedData/PreprocessedQueries-round5/Screen-2/Preprocessed_with_Interacted_GUI_Component_IDs/query_expansion_1/bug_report_1223.txt,0.4457330107688904
/Users/junayed/Documents/NecessaryDocs/GeorgeMasonUniversity/Research/Projects/BugLocalization/Backup/CodeUnused/BuggyProjects/bug-1223/app/src/test/java/org/gnucash/android/test/unit/util/TimestampHelperTest.java,../data/PreprocessedData/PreprocessedQueries-round5/Screen-2/Preprocessed_with_Interacted_GUI_Component_IDs/query_expansion_1/bug_report_1223.txt,0.2959880530834198
/Users/junayed/Documents/NecessaryDocs/GeorgeMasonUniversity/Research/Projects/BugLocalization/Backup/CodeUnused/BuggyProjects/bug-1223/app/src/test/java/org/gnucash/android/test/unit/db/SplitsDbAdapterTest.java,../data/PreprocessedData/PreprocessedQueries-round5/Screen-2/Preprocessed_with_Interacted_GUI_Component_IDs/query_expansion_1/bug_report_1223.txt,0.5115078091621399
/Users/junayed/Documents/NecessaryDocs/GeorgeMasonUniversity/Research/Projects/BugLocalization/Backup/CodeUnused/BuggyProjects/bug-1223/app/src/test/java/org/gnucash/android/test/unit/db/TransactionsDbAdapterTest.java,../data/PreprocessedData/PreprocessedQueries-round5/Screen-2/Preprocessed_with_Interacted_GUI_Component_IDs/query_expansion_1/bug_report_1223.txt,0.46657493710517883
/Users/junayed/Documents/NecessaryDocs/GeorgeMasonUniversity/Research/Projects/BugLocalization/Backup/CodeUnused/BuggyProjects/bug-1223/app/src/test/java/org/gnucash/android/test/unit/db/BudgetsDbAdapterTest.java,../data/PreprocessedData/PreprocessedQueries-round5/Screen-2/Preprocessed_with_Interacted_GUI_Component_IDs/query_expansion_1/bug_report_1223.txt,0.328176885843277
/Users/junayed/Documents/NecessaryDocs/GeorgeMasonUniversity/Research/Projects/BugLocalization/Backup/CodeUnused/BuggyProjects/bug-1223/app/src/test/java/org/gnucash/android/test/unit/db/BooksDbAdapterTest.java,../data/PreprocessedData/PreprocessedQueries-round5/Screen-2/Preprocessed_with_Interacted_GUI_Component_IDs/query_expansion_1/bug_report_1223.txt,0.402837336063385
/Users/junayed/Documents/NecessaryDocs/GeorgeMasonUniversity/Research/Projects/BugLocalization/Backup/CodeUnused/BuggyProjects/bug-1223/app/src/test/java/org/gnucash/android/test/unit/db/ScheduledActionDbAdapterTest.java,../data/PreprocessedData/PreprocessedQueries-round5/Screen-2/Preprocessed_with_Interacted_GUI_Component_IDs/query_expansion_1/bug_report_1223.txt,0.396914005279541
/Users/junayed/Documents/NecessaryDocs/GeorgeMasonUniversity/Research/Projects/BugLocalization/Backup/CodeUnused/BuggyProjects/bug-1223/app/src/test/java/org/gnucash/android/test/unit/db/PriceDbAdapterTest.java,../data/PreprocessedData/PreprocessedQueries-round5/Screen-2/Preprocessed_with_Interacted_GUI_Component_IDs/query_expansion_1/bug_report_1223.txt,0.36539027094841003
/Users/junayed/Documents/NecessaryDocs/GeorgeMasonUniversity/Research/Projects/BugLocalization/Backup/CodeUnused/BuggyProjects/bug-1223/app/src/test/java/org/gnucash/android/test/unit/db/AccountsDbAdapterTest.java,../data/PreprocessedData/PreprocessedQueries-round5/Screen-2/Preprocessed_with_Interacted_GUI_Component_IDs/query_expansion_1/bug_report_1223.txt,0.4977148473262787
/Users/junayed/Documents/NecessaryDocs/GeorgeMasonUniversity/Research/Projects/BugLocalization/Backup/CodeUnused/BuggyProjects/bug-1223/app/src/test/java/org/gnucash/android/test/unit/db/MigrationHelperTest.java,../data/PreprocessedData/PreprocessedQueries-round5/Screen-2/Preprocessed_with_Interacted_GUI_Component_IDs/query_expansion_1/bug_report_1223.txt,0.30360108613967896
/Users/junayed/Documents/NecessaryDocs/GeorgeMasonUniversity/Research/Projects/BugLocalization/Backup/CodeUnused/BuggyProjects/bug-1223/app/src/test/java/org/gnucash/android/test/unit/export/OfxExporterTest.java,../data/PreprocessedData/PreprocessedQueries-round5/Screen-2/Preprocessed_with_Interacted_GUI_Component_IDs/query_expansion_1/bug_report_1223.txt,0.4595896899700165
/Users/junayed/Documents/NecessaryDocs/GeorgeMasonUniversity/Research/Projects/BugLocalization/Backup/CodeUnused/BuggyProjects/bug-1223/app/src/test/java/org/gnucash/android/test/unit/export/GncXmlHelperTest.java,../data/PreprocessedData/PreprocessedQueries-round5/Screen-2/Preprocessed_with_Interacted_GUI_Component_IDs/query_expansion_1/bug_report_1223.txt,0.4148241877555847
/Users/junayed/Documents/NecessaryDocs/GeorgeMasonUniversity/Research/Projects/BugLocalization/Backup/CodeUnused/BuggyProjects/bug-1223/app/src/test/java/org/gnucash/android/test/unit/export/QifExporterTest.java,../data/PreprocessedData/PreprocessedQueries-round5/Screen-2/Preprocessed_with_Interacted_GUI_Component_IDs/query_expansion_1/bug_report_1223.txt,0.47298139333724976
/Users/junayed/Documents/NecessaryDocs/GeorgeMasonUniversity/Research/Projects/BugLocalization/Backup/CodeUnused/BuggyProjects/bug-1223/app/src/test/java/org/gnucash/android/test/unit/export/BackupTest.java,../data/PreprocessedData/PreprocessedQueries-round5/Screen-2/Preprocessed_with_Interacted_GUI_Component_IDs/query_expansion_1/bug_report_1223.txt,0.3479008078575134
/Users/junayed/Documents/NecessaryDocs/GeorgeMasonUniversity/Research/Projects/BugLocalization/Backup/CodeUnused/BuggyProjects/bug-1223/app/src/test/java/org/gnucash/android/test/unit/model/TransactionTest.java,../data/PreprocessedData/PreprocessedQueries-round5/Screen-2/Preprocessed_with_Interacted_GUI_Component_IDs/query_expansion_1/bug_report_1223.txt,0.5056931972503662
/Users/junayed/Documents/NecessaryDocs/GeorgeMasonUniversity/Research/Projects/BugLocalization/Backup/CodeUnused/BuggyProjects/bug-1223/app/src/test/java/org/gnucash/android/test/unit/model/SplitTest.java,../data/PreprocessedData/PreprocessedQueries-round5/Screen-2/Preprocessed_with_Interacted_GUI_Component_IDs/query_expansion_1/bug_report_1223.txt,0.533700168132782
/Users/junayed/Documents/NecessaryDocs/GeorgeMasonUniversity/Research/Projects/BugLocalization/Backup/CodeUnused/BuggyProjects/bug-1223/app/src/test/java/org/gnucash/android/test/unit/model/CommodityTest.java,../data/PreprocessedData/PreprocessedQueries-round5/Screen-2/Preprocessed_with_Interacted_GUI_Component_IDs/query_expansion_1/bug_report_1223.txt,0.3651939332485199
/Users/junayed/Documents/NecessaryDocs/GeorgeMasonUniversity/Research/Projects/BugLocalization/Backup/CodeUnused/BuggyProjects/bug-1223/app/src/test/java/org/gnucash/android/test/unit/model/AccountTest.java,../data/PreprocessedData/PreprocessedQueries-round5/Screen-2/Preprocessed_with_Interacted_GUI_Component_IDs/query_expansion_1/bug_report_1223.txt,0.4017518162727356
/Users/junayed/Documents/NecessaryDocs/GeorgeMasonUniversity/Research/Projects/BugLocalization/Backup/CodeUnused/BuggyProjects/bug-1223/app/src/test/java/org/gnucash/android/test/unit/model/MoneyTest.java,../data/PreprocessedData/PreprocessedQueries-round5/Screen-2/Preprocessed_with_Interacted_GUI_Component_IDs/query_expansion_1/bug_report_1223.txt,0.4368714988231659
/Users/junayed/Documents/NecessaryDocs/GeorgeMasonUniversity/Research/Projects/BugLocalization/Backup/CodeUnused/BuggyProjects/bug-1223/app/src/test/java/org/gnucash/android/test/unit/model/ScheduledActionTest.java,../data/PreprocessedData/PreprocessedQueries-round5/Screen-2/Preprocessed_with_Interacted_GUI_Component_IDs/query_expansion_1/bug_report_1223.txt,0.4305981993675232
/Users/junayed/Documents/NecessaryDocs/GeorgeMasonUniversity/Research/Projects/BugLocalization/Backup/CodeUnused/BuggyProjects/bug-1223/app/src/test/java/org/gnucash/android/test/unit/model/BudgetTest.java,../data/PreprocessedData/PreprocessedQueries-round5/Screen-2/Preprocessed_with_Interacted_GUI_Component_IDs/query_expansion_1/bug_report_1223.txt,0.35680410265922546
/Users/junayed/Documents/NecessaryDocs/GeorgeMasonUniversity/Research/Projects/BugLocalization/Backup/CodeUnused/BuggyProjects/bug-1223/app/src/test/java/org/gnucash/android/test/unit/model/PriceTest.java,../data/PreprocessedData/PreprocessedQueries-round5/Screen-2/Preprocessed_with_Interacted_GUI_Component_IDs/query_expansion_1/bug_report_1223.txt,0.33013227581977844
/Users/junayed/Documents/NecessaryDocs/GeorgeMasonUniversity/Research/Projects/BugLocalization/Backup/CodeUnused/BuggyProjects/bug-1223/app/src/test/java/org/gnucash/android/test/unit/model/RecurrenceTest.java,../data/PreprocessedData/PreprocessedQueries-round5/Screen-2/Preprocessed_with_Interacted_GUI_Component_IDs/query_expansion_1/bug_report_1223.txt,0.40297120809555054
/Users/junayed/Documents/NecessaryDocs/GeorgeMasonUniversity/Research/Projects/BugLocalization/Backup/CodeUnused/BuggyProjects/bug-1223/app/src/test/java/org/gnucash/android/test/unit/importer/GncXmlHandlerTest.java,../data/PreprocessedData/PreprocessedQueries-round5/Screen-2/Preprocessed_with_Interacted_GUI_Component_IDs/query_expansion_1/bug_report_1223.txt,0.5419012308120728
/Users/junayed/Documents/NecessaryDocs/GeorgeMasonUniversity/Research/Projects/BugLocalization/Backup/CodeUnused/BuggyProjects/bug-1223/app/src/test/java/org/gnucash/android/test/unit/testutil/ShadowCrashlytics.java,../data/PreprocessedData/PreprocessedQueries-round5/Screen-2/Preprocessed_with_Interacted_GUI_Component_IDs/query_expansion_1/bug_report_1223.txt,0.3412107825279236
/Users/junayed/Documents/NecessaryDocs/GeorgeMasonUniversity/Research/Projects/BugLocalization/Backup/CodeUnused/BuggyProjects/bug-1223/app/src/test/java/org/gnucash/android/test/unit/testutil/ShadowUserVoice.java,../data/PreprocessedData/PreprocessedQueries-round5/Screen-2/Preprocessed_with_Interacted_GUI_Component_IDs/query_expansion_1/bug_report_1223.txt,0.3481423258781433
/Users/junayed/Documents/NecessaryDocs/GeorgeMasonUniversity/Research/Projects/BugLocalization/Backup/CodeUnused/BuggyProjects/bug-1223/app/src/test/java/org/gnucash/android/test/unit/testutil/GnucashTestRunner.java,../data/PreprocessedData/PreprocessedQueries-round5/Screen-2/Preprocessed_with_Interacted_GUI_Component_IDs/query_expansion_1/bug_report_1223.txt,0.27106186747550964
