Source_Code_Filename,Preprocessed_Query_File,Cosine_Similarity
/Users/junayed/Documents/NecessaryDocs/GeorgeMasonUniversity/Research/Projects/BugLocalization/Backup/CodeUnused/BuggyProjects/bug-1406/app/src/main/java/org/fossasia/phimpme/editor/EditImageActivity.java,../data/PreprocessedData/PreprocessedQueries/Screen-3/Preprocessed_with_All_GUI_Component_IDs/query_expansion_1/bug_report_1406.txt,0.5527717471122742
/Users/junayed/Documents/NecessaryDocs/GeorgeMasonUniversity/Research/Projects/BugLocalization/Backup/CodeUnused/BuggyProjects/bug-1406/app/src/main/java/org/fossasia/phimpme/editor/fragment/RecyclerMenuFragment.java,../data/PreprocessedData/PreprocessedQueries/Screen-3/Preprocessed_with_All_GUI_Component_IDs/query_expansion_1/bug_report_1406.txt,0.564091145992279
/Users/junayed/Documents/NecessaryDocs/GeorgeMasonUniversity/Research/Projects/BugLocalization/Backup/CodeUnused/BuggyProjects/bug-1406/app/src/main/java/org/fossasia/phimpme/gallery/activities/SingleMediaActivity.java,../data/PreprocessedData/PreprocessedQueries/Screen-3/Preprocessed_with_All_GUI_Component_IDs/query_expansion_1/bug_report_1406.txt,0.5508468151092529
/Users/junayed/Documents/NecessaryDocs/GeorgeMasonUniversity/Research/Projects/BugLocalization/Backup/CodeUnused/BuggyProjects/bug-1406/app/src/main/java/org/fossasia/phimpme/MyApplication.java,../data/PreprocessedData/PreprocessedQueries/Screen-3/Preprocessed_with_All_GUI_Component_IDs/query_expansion_1/bug_report_1406.txt,0.3919910788536072
/Users/junayed/Documents/NecessaryDocs/GeorgeMasonUniversity/Research/Projects/BugLocalization/Backup/CodeUnused/BuggyProjects/bug-1406/app/src/main/java/org/fossasia/phimpme/data/local/AccountDatabase.java,../data/PreprocessedData/PreprocessedQueries/Screen-3/Preprocessed_with_All_GUI_Component_IDs/query_expansion_1/bug_report_1406.txt,0.44147738814353943
/Users/junayed/Documents/NecessaryDocs/GeorgeMasonUniversity/Research/Projects/BugLocalization/Backup/CodeUnused/BuggyProjects/bug-1406/app/src/main/java/org/fossasia/phimpme/data/local/ImageDescModel.java,../data/PreprocessedData/PreprocessedQueries/Screen-3/Preprocessed_with_All_GUI_Component_IDs/query_expansion_1/bug_report_1406.txt,0.33101415634155273
/Users/junayed/Documents/NecessaryDocs/GeorgeMasonUniversity/Research/Projects/BugLocalization/Backup/CodeUnused/BuggyProjects/bug-1406/app/src/main/java/org/fossasia/phimpme/data/local/UploadHistoryRealmModel.java,../data/PreprocessedData/PreprocessedQueries/Screen-3/Preprocessed_with_All_GUI_Component_IDs/query_expansion_1/bug_report_1406.txt,0.30563804507255554
/Users/junayed/Documents/NecessaryDocs/GeorgeMasonUniversity/Research/Projects/BugLocalization/Backup/CodeUnused/BuggyProjects/bug-1406/app/src/main/java/org/fossasia/phimpme/data/local/DatabaseHelper.java,../data/PreprocessedData/PreprocessedQueries/Screen-3/Preprocessed_with_All_GUI_Component_IDs/query_expansion_1/bug_report_1406.txt,0.36365455389022827
/Users/junayed/Documents/NecessaryDocs/GeorgeMasonUniversity/Research/Projects/BugLocalization/Backup/CodeUnused/BuggyProjects/bug-1406/app/src/main/java/org/fossasia/phimpme/opencamera/CameraController/CameraControllerManager2.java,../data/PreprocessedData/PreprocessedQueries/Screen-3/Preprocessed_with_All_GUI_Component_IDs/query_expansion_1/bug_report_1406.txt,0.3240959942340851
/Users/junayed/Documents/NecessaryDocs/GeorgeMasonUniversity/Research/Projects/BugLocalization/Backup/CodeUnused/BuggyProjects/bug-1406/app/src/main/java/org/fossasia/phimpme/opencamera/CameraController/CameraControllerManager.java,../data/PreprocessedData/PreprocessedQueries/Screen-3/Preprocessed_with_All_GUI_Component_IDs/query_expansion_1/bug_report_1406.txt,0.23918870091438293
/Users/junayed/Documents/NecessaryDocs/GeorgeMasonUniversity/Research/Projects/BugLocalization/Backup/CodeUnused/BuggyProjects/bug-1406/app/src/main/java/org/fossasia/phimpme/opencamera/CameraController/CameraController1.java,../data/PreprocessedData/PreprocessedQueries/Screen-3/Preprocessed_with_All_GUI_Component_IDs/query_expansion_1/bug_report_1406.txt,0.5143956542015076
/Users/junayed/Documents/NecessaryDocs/GeorgeMasonUniversity/Research/Projects/BugLocalization/Backup/CodeUnused/BuggyProjects/bug-1406/app/src/main/java/org/fossasia/phimpme/opencamera/CameraController/CameraControllerManager1.java,../data/PreprocessedData/PreprocessedQueries/Screen-3/Preprocessed_with_All_GUI_Component_IDs/query_expansion_1/bug_report_1406.txt,0.35388270020484924
/Users/junayed/Documents/NecessaryDocs/GeorgeMasonUniversity/Research/Projects/BugLocalization/Backup/CodeUnused/BuggyProjects/bug-1406/app/src/main/java/org/fossasia/phimpme/opencamera/CameraController/CameraController.java,../data/PreprocessedData/PreprocessedQueries/Screen-3/Preprocessed_with_All_GUI_Component_IDs/query_expansion_1/bug_report_1406.txt,0.47836148738861084
/Users/junayed/Documents/NecessaryDocs/GeorgeMasonUniversity/Research/Projects/BugLocalization/Backup/CodeUnused/BuggyProjects/bug-1406/app/src/main/java/org/fossasia/phimpme/opencamera/CameraController/CameraController2.java,../data/PreprocessedData/PreprocessedQueries/Screen-3/Preprocessed_with_All_GUI_Component_IDs/query_expansion_1/bug_report_1406.txt,0.5012319684028625
/Users/junayed/Documents/NecessaryDocs/GeorgeMasonUniversity/Research/Projects/BugLocalization/Backup/CodeUnused/BuggyProjects/bug-1406/app/src/main/java/org/fossasia/phimpme/opencamera/CameraController/CameraControllerException.java,../data/PreprocessedData/PreprocessedQueries/Screen-3/Preprocessed_with_All_GUI_Component_IDs/query_expansion_1/bug_report_1406.txt,0.20753830671310425
/Users/junayed/Documents/NecessaryDocs/GeorgeMasonUniversity/Research/Projects/BugLocalization/Backup/CodeUnused/BuggyProjects/bug-1406/app/src/main/java/org/fossasia/phimpme/opencamera/UI/FolderChooserDialog.java,../data/PreprocessedData/PreprocessedQueries/Screen-3/Preprocessed_with_All_GUI_Component_IDs/query_expansion_1/bug_report_1406.txt,0.5615774989128113
/Users/junayed/Documents/NecessaryDocs/GeorgeMasonUniversity/Research/Projects/BugLocalization/Backup/CodeUnused/BuggyProjects/bug-1406/app/src/main/java/org/fossasia/phimpme/opencamera/UI/MainUI.java,../data/PreprocessedData/PreprocessedQueries/Screen-3/Preprocessed_with_All_GUI_Component_IDs/query_expansion_1/bug_report_1406.txt,0.5950434803962708
/Users/junayed/Documents/NecessaryDocs/GeorgeMasonUniversity/Research/Projects/BugLocalization/Backup/CodeUnused/BuggyProjects/bug-1406/app/src/main/java/org/fossasia/phimpme/opencamera/UI/PopupView.java,../data/PreprocessedData/PreprocessedQueries/Screen-3/Preprocessed_with_All_GUI_Component_IDs/query_expansion_1/bug_report_1406.txt,0.5666034817695618
/Users/junayed/Documents/NecessaryDocs/GeorgeMasonUniversity/Research/Projects/BugLocalization/Backup/CodeUnused/BuggyProjects/bug-1406/app/src/main/java/org/fossasia/phimpme/opencamera/UI/DrawPreview.java,../data/PreprocessedData/PreprocessedQueries/Screen-3/Preprocessed_with_All_GUI_Component_IDs/query_expansion_1/bug_report_1406.txt,0.4842400550842285
/Users/junayed/Documents/NecessaryDocs/GeorgeMasonUniversity/Research/Projects/BugLocalization/Backup/CodeUnused/BuggyProjects/bug-1406/app/src/main/java/org/fossasia/phimpme/opencamera/Preview/ApplicationInterface.java,../data/PreprocessedData/PreprocessedQueries/Screen-3/Preprocessed_with_All_GUI_Component_IDs/query_expansion_1/bug_report_1406.txt,0.49452483654022217
/Users/junayed/Documents/NecessaryDocs/GeorgeMasonUniversity/Research/Projects/BugLocalization/Backup/CodeUnused/BuggyProjects/bug-1406/app/src/main/java/org/fossasia/phimpme/opencamera/Preview/Preview.java,../data/PreprocessedData/PreprocessedQueries/Screen-3/Preprocessed_with_All_GUI_Component_IDs/query_expansion_1/bug_report_1406.txt,0.5457481145858765
/Users/junayed/Documents/NecessaryDocs/GeorgeMasonUniversity/Research/Projects/BugLocalization/Backup/CodeUnused/BuggyProjects/bug-1406/app/src/main/java/org/fossasia/phimpme/opencamera/Preview/CanvasView.java,../data/PreprocessedData/PreprocessedQueries/Screen-3/Preprocessed_with_All_GUI_Component_IDs/query_expansion_1/bug_report_1406.txt,0.4690653383731842
/Users/junayed/Documents/NecessaryDocs/GeorgeMasonUniversity/Research/Projects/BugLocalization/Backup/CodeUnused/BuggyProjects/bug-1406/app/src/main/java/org/fossasia/phimpme/opencamera/Preview/CameraSurface/CameraSurface.java,../data/PreprocessedData/PreprocessedQueries/Screen-3/Preprocessed_with_All_GUI_Component_IDs/query_expansion_1/bug_report_1406.txt,0.3766513466835022
/Users/junayed/Documents/NecessaryDocs/GeorgeMasonUniversity/Research/Projects/BugLocalization/Backup/CodeUnused/BuggyProjects/bug-1406/app/src/main/java/org/fossasia/phimpme/opencamera/Preview/CameraSurface/MySurfaceView.java,../data/PreprocessedData/PreprocessedQueries/Screen-3/Preprocessed_with_All_GUI_Component_IDs/query_expansion_1/bug_report_1406.txt,0.43742111325263977
/Users/junayed/Documents/NecessaryDocs/GeorgeMasonUniversity/Research/Projects/BugLocalization/Backup/CodeUnused/BuggyProjects/bug-1406/app/src/main/java/org/fossasia/phimpme/opencamera/Preview/CameraSurface/MyTextureView.java,../data/PreprocessedData/PreprocessedQueries/Screen-3/Preprocessed_with_All_GUI_Component_IDs/query_expansion_1/bug_report_1406.txt,0.37351658940315247
/Users/junayed/Documents/NecessaryDocs/GeorgeMasonUniversity/Research/Projects/BugLocalization/Backup/CodeUnused/BuggyProjects/bug-1406/app/src/main/java/org/fossasia/phimpme/opencamera/Camera/PhotoActivity.java,../data/PreprocessedData/PreprocessedQueries/Screen-3/Preprocessed_with_All_GUI_Component_IDs/query_expansion_1/bug_report_1406.txt,0.5940855741500854
/Users/junayed/Documents/NecessaryDocs/GeorgeMasonUniversity/Research/Projects/BugLocalization/Backup/CodeUnused/BuggyProjects/bug-1406/app/src/main/java/org/fossasia/phimpme/opencamera/Camera/TextFormatter.java,../data/PreprocessedData/PreprocessedQueries/Screen-3/Preprocessed_with_All_GUI_Component_IDs/query_expansion_1/bug_report_1406.txt,0.426176518201828
/Users/junayed/Documents/NecessaryDocs/GeorgeMasonUniversity/Research/Projects/BugLocalization/Backup/CodeUnused/BuggyProjects/bug-1406/app/src/main/java/org/fossasia/phimpme/opencamera/Camera/GyroSensor.java,../data/PreprocessedData/PreprocessedQueries/Screen-3/Preprocessed_with_All_GUI_Component_IDs/query_expansion_1/bug_report_1406.txt,0.3029959499835968
/Users/junayed/Documents/NecessaryDocs/GeorgeMasonUniversity/Research/Projects/BugLocalization/Backup/CodeUnused/BuggyProjects/bug-1406/app/src/main/java/org/fossasia/phimpme/opencamera/Camera/ToastBoxer.java,../data/PreprocessedData/PreprocessedQueries/Screen-3/Preprocessed_with_All_GUI_Component_IDs/query_expansion_1/bug_report_1406.txt,0.32754796743392944
/Users/junayed/Documents/NecessaryDocs/GeorgeMasonUniversity/Research/Projects/BugLocalization/Backup/CodeUnused/BuggyProjects/bug-1406/app/src/main/java/org/fossasia/phimpme/opencamera/Camera/MyTileServiceVideo.java,../data/PreprocessedData/PreprocessedQueries/Screen-3/Preprocessed_with_All_GUI_Component_IDs/query_expansion_1/bug_report_1406.txt,0.45923539996147156
/Users/junayed/Documents/NecessaryDocs/GeorgeMasonUniversity/Research/Projects/BugLocalization/Backup/CodeUnused/BuggyProjects/bug-1406/app/src/main/java/org/fossasia/phimpme/opencamera/Camera/MyTileServiceFrontCamera.java,../data/PreprocessedData/PreprocessedQueries/Screen-3/Preprocessed_with_All_GUI_Component_IDs/query_expansion_1/bug_report_1406.txt,0.45533621311187744
/Users/junayed/Documents/NecessaryDocs/GeorgeMasonUniversity/Research/Projects/BugLocalization/Backup/CodeUnused/BuggyProjects/bug-1406/app/src/main/java/org/fossasia/phimpme/opencamera/Camera/StorageUtils.java,../data/PreprocessedData/PreprocessedQueries/Screen-3/Preprocessed_with_All_GUI_Component_IDs/query_expansion_1/bug_report_1406.txt,0.5233686566352844
/Users/junayed/Documents/NecessaryDocs/GeorgeMasonUniversity/Research/Projects/BugLocalization/Backup/CodeUnused/BuggyProjects/bug-1406/app/src/main/java/org/fossasia/phimpme/opencamera/Camera/MyWidgetProviderTakePhoto.java,../data/PreprocessedData/PreprocessedQueries/Screen-3/Preprocessed_with_All_GUI_Component_IDs/query_expansion_1/bug_report_1406.txt,0.4576916992664337
/Users/junayed/Documents/NecessaryDocs/GeorgeMasonUniversity/Research/Projects/BugLocalization/Backup/CodeUnused/BuggyProjects/bug-1406/app/src/main/java/org/fossasia/phimpme/opencamera/Camera/TinyDB.java,../data/PreprocessedData/PreprocessedQueries/Screen-3/Preprocessed_with_All_GUI_Component_IDs/query_expansion_1/bug_report_1406.txt,0.47063368558883667
/Users/junayed/Documents/NecessaryDocs/GeorgeMasonUniversity/Research/Projects/BugLocalization/Backup/CodeUnused/BuggyProjects/bug-1406/app/src/main/java/org/fossasia/phimpme/opencamera/Camera/AudioListener.java,../data/PreprocessedData/PreprocessedQueries/Screen-3/Preprocessed_with_All_GUI_Component_IDs/query_expansion_1/bug_report_1406.txt,0.3799385130405426
/Users/junayed/Documents/NecessaryDocs/GeorgeMasonUniversity/Research/Projects/BugLocalization/Backup/CodeUnused/BuggyProjects/bug-1406/app/src/main/java/org/fossasia/phimpme/opencamera/Camera/HDRProcessorException.java,../data/PreprocessedData/PreprocessedQueries/Screen-3/Preprocessed_with_All_GUI_Component_IDs/query_expansion_1/bug_report_1406.txt,0.363944411277771
/Users/junayed/Documents/NecessaryDocs/GeorgeMasonUniversity/Research/Projects/BugLocalization/Backup/CodeUnused/BuggyProjects/bug-1406/app/src/main/java/org/fossasia/phimpme/opencamera/Camera/SaveLocationHistory.java,../data/PreprocessedData/PreprocessedQueries/Screen-3/Preprocessed_with_All_GUI_Component_IDs/query_expansion_1/bug_report_1406.txt,0.49315154552459717
/Users/junayed/Documents/NecessaryDocs/GeorgeMasonUniversity/Research/Projects/BugLocalization/Backup/CodeUnused/BuggyProjects/bug-1406/app/src/main/java/org/fossasia/phimpme/opencamera/Camera/ImageSaver.java,../data/PreprocessedData/PreprocessedQueries/Screen-3/Preprocessed_with_All_GUI_Component_IDs/query_expansion_1/bug_report_1406.txt,0.5202469825744629
/Users/junayed/Documents/NecessaryDocs/GeorgeMasonUniversity/Research/Projects/BugLocalization/Backup/CodeUnused/BuggyProjects/bug-1406/app/src/main/java/org/fossasia/phimpme/opencamera/Camera/LocationSupplier.java,../data/PreprocessedData/PreprocessedQueries/Screen-3/Preprocessed_with_All_GUI_Component_IDs/query_expansion_1/bug_report_1406.txt,0.3810969591140747
/Users/junayed/Documents/NecessaryDocs/GeorgeMasonUniversity/Research/Projects/BugLocalization/Backup/CodeUnused/BuggyProjects/bug-1406/app/src/main/java/org/fossasia/phimpme/opencamera/Camera/PreferenceKeys.java,../data/PreprocessedData/PreprocessedQueries/Screen-3/Preprocessed_with_All_GUI_Component_IDs/query_expansion_1/bug_report_1406.txt,0.4547315835952759
/Users/junayed/Documents/NecessaryDocs/GeorgeMasonUniversity/Research/Projects/BugLocalization/Backup/CodeUnused/BuggyProjects/bug-1406/app/src/main/java/org/fossasia/phimpme/opencamera/Camera/MyTileService.java,../data/PreprocessedData/PreprocessedQueries/Screen-3/Preprocessed_with_All_GUI_Component_IDs/query_expansion_1/bug_report_1406.txt,0.4621354937553406
/Users/junayed/Documents/NecessaryDocs/GeorgeMasonUniversity/Research/Projects/BugLocalization/Backup/CodeUnused/BuggyProjects/bug-1406/app/src/main/java/org/fossasia/phimpme/opencamera/Camera/MyPreferenceFragment.java,../data/PreprocessedData/PreprocessedQueries/Screen-3/Preprocessed_with_All_GUI_Component_IDs/query_expansion_1/bug_report_1406.txt,0.5326979160308838
/Users/junayed/Documents/NecessaryDocs/GeorgeMasonUniversity/Research/Projects/BugLocalization/Backup/CodeUnused/BuggyProjects/bug-1406/app/src/main/java/org/fossasia/phimpme/opencamera/Camera/MyWidgetProvider.java,../data/PreprocessedData/PreprocessedQueries/Screen-3/Preprocessed_with_All_GUI_Component_IDs/query_expansion_1/bug_report_1406.txt,0.47324615716934204
/Users/junayed/Documents/NecessaryDocs/GeorgeMasonUniversity/Research/Projects/BugLocalization/Backup/CodeUnused/BuggyProjects/bug-1406/app/src/main/java/org/fossasia/phimpme/opencamera/Camera/TakePhoto.java,../data/PreprocessedData/PreprocessedQueries/Screen-3/Preprocessed_with_All_GUI_Component_IDs/query_expansion_1/bug_report_1406.txt,0.46180862188339233
/Users/junayed/Documents/NecessaryDocs/GeorgeMasonUniversity/Research/Projects/BugLocalization/Backup/CodeUnused/BuggyProjects/bug-1406/app/src/main/java/org/fossasia/phimpme/opencamera/Camera/CameraActivity.java,../data/PreprocessedData/PreprocessedQueries/Screen-3/Preprocessed_with_All_GUI_Component_IDs/query_expansion_1/bug_report_1406.txt,0.5891659259796143
/Users/junayed/Documents/NecessaryDocs/GeorgeMasonUniversity/Research/Projects/BugLocalization/Backup/CodeUnused/BuggyProjects/bug-1406/app/src/main/java/org/fossasia/phimpme/opencamera/Camera/MyDebug.java,../data/PreprocessedData/PreprocessedQueries/Screen-3/Preprocessed_with_All_GUI_Component_IDs/query_expansion_1/bug_report_1406.txt,0.1519753485918045
/Users/junayed/Documents/NecessaryDocs/GeorgeMasonUniversity/Research/Projects/BugLocalization/Backup/CodeUnused/BuggyProjects/bug-1406/app/src/main/java/org/fossasia/phimpme/opencamera/Camera/MyApplicationInterface.java,../data/PreprocessedData/PreprocessedQueries/Screen-3/Preprocessed_with_All_GUI_Component_IDs/query_expansion_1/bug_report_1406.txt,0.5405659675598145
/Users/junayed/Documents/NecessaryDocs/GeorgeMasonUniversity/Research/Projects/BugLocalization/Backup/CodeUnused/BuggyProjects/bug-1406/app/src/main/java/org/fossasia/phimpme/editor/EditBaseActivity.java,../data/PreprocessedData/PreprocessedQueries/Screen-3/Preprocessed_with_All_GUI_Component_IDs/query_expansion_1/bug_report_1406.txt,0.4070546329021454
/Users/junayed/Documents/NecessaryDocs/GeorgeMasonUniversity/Research/Projects/BugLocalization/Backup/CodeUnused/BuggyProjects/bug-1406/app/src/main/java/org/fossasia/phimpme/editor/FileUtils.java,../data/PreprocessedData/PreprocessedQueries/Screen-3/Preprocessed_with_All_GUI_Component_IDs/query_expansion_1/bug_report_1406.txt,0.43885084986686707
/Users/junayed/Documents/NecessaryDocs/GeorgeMasonUniversity/Research/Projects/BugLocalization/Backup/CodeUnused/BuggyProjects/bug-1406/app/src/main/java/org/fossasia/phimpme/editor/task/StickerTask.java,../data/PreprocessedData/PreprocessedQueries/Screen-3/Preprocessed_with_All_GUI_Component_IDs/query_expansion_1/bug_report_1406.txt,0.4239192008972168
/Users/junayed/Documents/NecessaryDocs/GeorgeMasonUniversity/Research/Projects/BugLocalization/Backup/CodeUnused/BuggyProjects/bug-1406/app/src/main/java/org/fossasia/phimpme/editor/fragment/SliderFragment.java,../data/PreprocessedData/PreprocessedQueries/Screen-3/Preprocessed_with_All_GUI_Component_IDs/query_expansion_1/bug_report_1406.txt,0.5467783212661743
/Users/junayed/Documents/NecessaryDocs/GeorgeMasonUniversity/Research/Projects/BugLocalization/Backup/CodeUnused/BuggyProjects/bug-1406/app/src/main/java/org/fossasia/phimpme/editor/fragment/TwoItemFragment.java,../data/PreprocessedData/PreprocessedQueries/Screen-3/Preprocessed_with_All_GUI_Component_IDs/query_expansion_1/bug_report_1406.txt,0.5177466869354248
/Users/junayed/Documents/NecessaryDocs/GeorgeMasonUniversity/Research/Projects/BugLocalization/Backup/CodeUnused/BuggyProjects/bug-1406/app/src/main/java/org/fossasia/phimpme/editor/fragment/BaseEditFragment.java,../data/PreprocessedData/PreprocessedQueries/Screen-3/Preprocessed_with_All_GUI_Component_IDs/query_expansion_1/bug_report_1406.txt,0.4833895266056061
/Users/junayed/Documents/NecessaryDocs/GeorgeMasonUniversity/Research/Projects/BugLocalization/Backup/CodeUnused/BuggyProjects/bug-1406/app/src/main/java/org/fossasia/phimpme/editor/fragment/CropFragment.java,../data/PreprocessedData/PreprocessedQueries/Screen-3/Preprocessed_with_All_GUI_Component_IDs/query_expansion_1/bug_report_1406.txt,0.5942535996437073
/Users/junayed/Documents/NecessaryDocs/GeorgeMasonUniversity/Research/Projects/BugLocalization/Backup/CodeUnused/BuggyProjects/bug-1406/app/src/main/java/org/fossasia/phimpme/editor/fragment/MainMenuFragment.java,../data/PreprocessedData/PreprocessedQueries/Screen-3/Preprocessed_with_All_GUI_Component_IDs/query_expansion_1/bug_report_1406.txt,0.5530329346656799
/Users/junayed/Documents/NecessaryDocs/GeorgeMasonUniversity/Research/Projects/BugLocalization/Backup/CodeUnused/BuggyProjects/bug-1406/app/src/main/java/org/fossasia/phimpme/editor/fragment/AddTextFragment.java,../data/PreprocessedData/PreprocessedQueries/Screen-3/Preprocessed_with_All_GUI_Component_IDs/query_expansion_1/bug_report_1406.txt,0.5340962409973145
/Users/junayed/Documents/NecessaryDocs/GeorgeMasonUniversity/Research/Projects/BugLocalization/Backup/CodeUnused/BuggyProjects/bug-1406/app/src/main/java/org/fossasia/phimpme/editor/fragment/PaintFragment.java,../data/PreprocessedData/PreprocessedQueries/Screen-3/Preprocessed_with_All_GUI_Component_IDs/query_expansion_1/bug_report_1406.txt,0.5928662419319153
/Users/junayed/Documents/NecessaryDocs/GeorgeMasonUniversity/Research/Projects/BugLocalization/Backup/CodeUnused/BuggyProjects/bug-1406/app/src/main/java/org/fossasia/phimpme/editor/fragment/RotateFragment.java,../data/PreprocessedData/PreprocessedQueries/Screen-3/Preprocessed_with_All_GUI_Component_IDs/query_expansion_1/bug_report_1406.txt,0.5552869439125061
/Users/junayed/Documents/NecessaryDocs/GeorgeMasonUniversity/Research/Projects/BugLocalization/Backup/CodeUnused/BuggyProjects/bug-1406/app/src/main/java/org/fossasia/phimpme/editor/fragment/StickersFragment.java,../data/PreprocessedData/PreprocessedQueries/Screen-3/Preprocessed_with_All_GUI_Component_IDs/query_expansion_1/bug_report_1406.txt,0.5613752007484436
/Users/junayed/Documents/NecessaryDocs/GeorgeMasonUniversity/Research/Projects/BugLocalization/Backup/CodeUnused/BuggyProjects/bug-1406/app/src/main/java/org/fossasia/phimpme/editor/ui/ColorPicker.java,../data/PreprocessedData/PreprocessedQueries/Screen-3/Preprocessed_with_All_GUI_Component_IDs/query_expansion_1/bug_report_1406.txt,0.5228676795959473
/Users/junayed/Documents/NecessaryDocs/GeorgeMasonUniversity/Research/Projects/BugLocalization/Backup/CodeUnused/BuggyProjects/bug-1406/app/src/main/java/org/fossasia/phimpme/editor/filter/PhotoProcessing.java,../data/PreprocessedData/PreprocessedQueries/Screen-3/Preprocessed_with_All_GUI_Component_IDs/query_expansion_1/bug_report_1406.txt,0.4769648313522339
/Users/junayed/Documents/NecessaryDocs/GeorgeMasonUniversity/Research/Projects/BugLocalization/Backup/CodeUnused/BuggyProjects/bug-1406/app/src/main/java/org/fossasia/phimpme/editor/adapter/ColorListAdapter.java,../data/PreprocessedData/PreprocessedQueries/Screen-3/Preprocessed_with_All_GUI_Component_IDs/query_expansion_1/bug_report_1406.txt,0.5143459439277649
/Users/junayed/Documents/NecessaryDocs/GeorgeMasonUniversity/Research/Projects/BugLocalization/Backup/CodeUnused/BuggyProjects/bug-1406/app/src/main/java/org/fossasia/phimpme/editor/model/StickerBean.java,../data/PreprocessedData/PreprocessedQueries/Screen-3/Preprocessed_with_All_GUI_Component_IDs/query_expansion_1/bug_report_1406.txt,0.3422048091888428
/Users/junayed/Documents/NecessaryDocs/GeorgeMasonUniversity/Research/Projects/BugLocalization/Backup/CodeUnused/BuggyProjects/bug-1406/app/src/main/java/org/fossasia/phimpme/editor/model/RatioItem.java,../data/PreprocessedData/PreprocessedQueries/Screen-3/Preprocessed_with_All_GUI_Component_IDs/query_expansion_1/bug_report_1406.txt,0.29834243655204773
/Users/junayed/Documents/NecessaryDocs/GeorgeMasonUniversity/Research/Projects/BugLocalization/Backup/CodeUnused/BuggyProjects/bug-1406/app/src/main/java/org/fossasia/phimpme/editor/view/StickerView.java,../data/PreprocessedData/PreprocessedQueries/Screen-3/Preprocessed_with_All_GUI_Component_IDs/query_expansion_1/bug_report_1406.txt,0.48980221152305603
/Users/junayed/Documents/NecessaryDocs/GeorgeMasonUniversity/Research/Projects/BugLocalization/Backup/CodeUnused/BuggyProjects/bug-1406/app/src/main/java/org/fossasia/phimpme/editor/view/Constants.java,../data/PreprocessedData/PreprocessedQueries/Screen-3/Preprocessed_with_All_GUI_Component_IDs/query_expansion_1/bug_report_1406.txt,0.3370573818683624
/Users/junayed/Documents/NecessaryDocs/GeorgeMasonUniversity/Research/Projects/BugLocalization/Backup/CodeUnused/BuggyProjects/bug-1406/app/src/main/java/org/fossasia/phimpme/editor/view/TextStickerView.java,../data/PreprocessedData/PreprocessedQueries/Screen-3/Preprocessed_with_All_GUI_Component_IDs/query_expansion_1/bug_report_1406.txt,0.4527326822280884
/Users/junayed/Documents/NecessaryDocs/GeorgeMasonUniversity/Research/Projects/BugLocalization/Backup/CodeUnused/BuggyProjects/bug-1406/app/src/main/java/org/fossasia/phimpme/editor/view/CustomViewPager.java,../data/PreprocessedData/PreprocessedQueries/Screen-3/Preprocessed_with_All_GUI_Component_IDs/query_expansion_1/bug_report_1406.txt,0.3689969480037689
/Users/junayed/Documents/NecessaryDocs/GeorgeMasonUniversity/Research/Projects/BugLocalization/Backup/CodeUnused/BuggyProjects/bug-1406/app/src/main/java/org/fossasia/phimpme/editor/view/RotateImageView.java,../data/PreprocessedData/PreprocessedQueries/Screen-3/Preprocessed_with_All_GUI_Component_IDs/query_expansion_1/bug_report_1406.txt,0.36836278438568115
/Users/junayed/Documents/NecessaryDocs/GeorgeMasonUniversity/Research/Projects/BugLocalization/Backup/CodeUnused/BuggyProjects/bug-1406/app/src/main/java/org/fossasia/phimpme/editor/view/CustomPaintView.java,../data/PreprocessedData/PreprocessedQueries/Screen-3/Preprocessed_with_All_GUI_Component_IDs/query_expansion_1/bug_report_1406.txt,0.42272812128067017
/Users/junayed/Documents/NecessaryDocs/GeorgeMasonUniversity/Research/Projects/BugLocalization/Backup/CodeUnused/BuggyProjects/bug-1406/app/src/main/java/org/fossasia/phimpme/editor/view/CropImageView.java,../data/PreprocessedData/PreprocessedQueries/Screen-3/Preprocessed_with_All_GUI_Component_IDs/query_expansion_1/bug_report_1406.txt,0.42846307158470154
/Users/junayed/Documents/NecessaryDocs/GeorgeMasonUniversity/Research/Projects/BugLocalization/Backup/CodeUnused/BuggyProjects/bug-1406/app/src/main/java/org/fossasia/phimpme/editor/view/StickerItem.java,../data/PreprocessedData/PreprocessedQueries/Screen-3/Preprocessed_with_All_GUI_Component_IDs/query_expansion_1/bug_report_1406.txt,0.4449325203895569
/Users/junayed/Documents/NecessaryDocs/GeorgeMasonUniversity/Research/Projects/BugLocalization/Backup/CodeUnused/BuggyProjects/bug-1406/app/src/main/java/org/fossasia/phimpme/editor/view/PaintModeView.java,../data/PreprocessedData/PreprocessedQueries/Screen-3/Preprocessed_with_All_GUI_Component_IDs/query_expansion_1/bug_report_1406.txt,0.4217270314693451
/Users/junayed/Documents/NecessaryDocs/GeorgeMasonUniversity/Research/Projects/BugLocalization/Backup/CodeUnused/BuggyProjects/bug-1406/app/src/main/java/org/fossasia/phimpme/editor/view/imagezoom/ImageViewTouch.java,../data/PreprocessedData/PreprocessedQueries/Screen-3/Preprocessed_with_All_GUI_Component_IDs/query_expansion_1/bug_report_1406.txt,0.3575969934463501
/Users/junayed/Documents/NecessaryDocs/GeorgeMasonUniversity/Research/Projects/BugLocalization/Backup/CodeUnused/BuggyProjects/bug-1406/app/src/main/java/org/fossasia/phimpme/editor/view/imagezoom/ImageViewTouchBase.java,../data/PreprocessedData/PreprocessedQueries/Screen-3/Preprocessed_with_All_GUI_Component_IDs/query_expansion_1/bug_report_1406.txt,0.4128497540950775
/Users/junayed/Documents/NecessaryDocs/GeorgeMasonUniversity/Research/Projects/BugLocalization/Backup/CodeUnused/BuggyProjects/bug-1406/app/src/main/java/org/fossasia/phimpme/editor/view/imagezoom/graphic/FastBitmapDrawable.java,../data/PreprocessedData/PreprocessedQueries/Screen-3/Preprocessed_with_All_GUI_Component_IDs/query_expansion_1/bug_report_1406.txt,0.46419113874435425
/Users/junayed/Documents/NecessaryDocs/GeorgeMasonUniversity/Research/Projects/BugLocalization/Backup/CodeUnused/BuggyProjects/bug-1406/app/src/main/java/org/fossasia/phimpme/editor/view/imagezoom/graphic/IBitmapDrawable.java,../data/PreprocessedData/PreprocessedQueries/Screen-3/Preprocessed_with_All_GUI_Component_IDs/query_expansion_1/bug_report_1406.txt,0.2880449593067169
/Users/junayed/Documents/NecessaryDocs/GeorgeMasonUniversity/Research/Projects/BugLocalization/Backup/CodeUnused/BuggyProjects/bug-1406/app/src/main/java/org/fossasia/phimpme/editor/view/imagezoom/easing/Quad.java,../data/PreprocessedData/PreprocessedQueries/Screen-3/Preprocessed_with_All_GUI_Component_IDs/query_expansion_1/bug_report_1406.txt,0.37090086936950684
/Users/junayed/Documents/NecessaryDocs/GeorgeMasonUniversity/Research/Projects/BugLocalization/Backup/CodeUnused/BuggyProjects/bug-1406/app/src/main/java/org/fossasia/phimpme/editor/view/imagezoom/easing/Easing.java,../data/PreprocessedData/PreprocessedQueries/Screen-3/Preprocessed_with_All_GUI_Component_IDs/query_expansion_1/bug_report_1406.txt,0.3152804970741272
/Users/junayed/Documents/NecessaryDocs/GeorgeMasonUniversity/Research/Projects/BugLocalization/Backup/CodeUnused/BuggyProjects/bug-1406/app/src/main/java/org/fossasia/phimpme/editor/view/imagezoom/easing/Quint.java,../data/PreprocessedData/PreprocessedQueries/Screen-3/Preprocessed_with_All_GUI_Component_IDs/query_expansion_1/bug_report_1406.txt,0.32494503259658813
/Users/junayed/Documents/NecessaryDocs/GeorgeMasonUniversity/Research/Projects/BugLocalization/Backup/CodeUnused/BuggyProjects/bug-1406/app/src/main/java/org/fossasia/phimpme/editor/view/imagezoom/easing/Circ.java,../data/PreprocessedData/PreprocessedQueries/Screen-3/Preprocessed_with_All_GUI_Component_IDs/query_expansion_1/bug_report_1406.txt,0.321984201669693
/Users/junayed/Documents/NecessaryDocs/GeorgeMasonUniversity/Research/Projects/BugLocalization/Backup/CodeUnused/BuggyProjects/bug-1406/app/src/main/java/org/fossasia/phimpme/editor/view/imagezoom/easing/Back.java,../data/PreprocessedData/PreprocessedQueries/Screen-3/Preprocessed_with_All_GUI_Component_IDs/query_expansion_1/bug_report_1406.txt,0.3338296413421631
/Users/junayed/Documents/NecessaryDocs/GeorgeMasonUniversity/Research/Projects/BugLocalization/Backup/CodeUnused/BuggyProjects/bug-1406/app/src/main/java/org/fossasia/phimpme/editor/view/imagezoom/easing/Elastic.java,../data/PreprocessedData/PreprocessedQueries/Screen-3/Preprocessed_with_All_GUI_Component_IDs/query_expansion_1/bug_report_1406.txt,0.3519061207771301
/Users/junayed/Documents/NecessaryDocs/GeorgeMasonUniversity/Research/Projects/BugLocalization/Backup/CodeUnused/BuggyProjects/bug-1406/app/src/main/java/org/fossasia/phimpme/editor/view/imagezoom/easing/Cubic.java,../data/PreprocessedData/PreprocessedQueries/Screen-3/Preprocessed_with_All_GUI_Component_IDs/query_expansion_1/bug_report_1406.txt,0.37154436111450195
/Users/junayed/Documents/NecessaryDocs/GeorgeMasonUniversity/Research/Projects/BugLocalization/Backup/CodeUnused/BuggyProjects/bug-1406/app/src/main/java/org/fossasia/phimpme/editor/view/imagezoom/easing/Expo.java,../data/PreprocessedData/PreprocessedQueries/Screen-3/Preprocessed_with_All_GUI_Component_IDs/query_expansion_1/bug_report_1406.txt,0.3581427335739136
/Users/junayed/Documents/NecessaryDocs/GeorgeMasonUniversity/Research/Projects/BugLocalization/Backup/CodeUnused/BuggyProjects/bug-1406/app/src/main/java/org/fossasia/phimpme/editor/view/imagezoom/easing/Bounce.java,../data/PreprocessedData/PreprocessedQueries/Screen-3/Preprocessed_with_All_GUI_Component_IDs/query_expansion_1/bug_report_1406.txt,0.3208026587963104
/Users/junayed/Documents/NecessaryDocs/GeorgeMasonUniversity/Research/Projects/BugLocalization/Backup/CodeUnused/BuggyProjects/bug-1406/app/src/main/java/org/fossasia/phimpme/editor/view/imagezoom/easing/Linear.java,../data/PreprocessedData/PreprocessedQueries/Screen-3/Preprocessed_with_All_GUI_Component_IDs/query_expansion_1/bug_report_1406.txt,0.37690049409866333
/Users/junayed/Documents/NecessaryDocs/GeorgeMasonUniversity/Research/Projects/BugLocalization/Backup/CodeUnused/BuggyProjects/bug-1406/app/src/main/java/org/fossasia/phimpme/editor/view/imagezoom/easing/Quart.java,../data/PreprocessedData/PreprocessedQueries/Screen-3/Preprocessed_with_All_GUI_Component_IDs/query_expansion_1/bug_report_1406.txt,0.35603222250938416
/Users/junayed/Documents/NecessaryDocs/GeorgeMasonUniversity/Research/Projects/BugLocalization/Backup/CodeUnused/BuggyProjects/bug-1406/app/src/main/java/org/fossasia/phimpme/editor/view/imagezoom/easing/Sine.java,../data/PreprocessedData/PreprocessedQueries/Screen-3/Preprocessed_with_All_GUI_Component_IDs/query_expansion_1/bug_report_1406.txt,0.2667366564273834
/Users/junayed/Documents/NecessaryDocs/GeorgeMasonUniversity/Research/Projects/BugLocalization/Backup/CodeUnused/BuggyProjects/bug-1406/app/src/main/java/org/fossasia/phimpme/editor/view/imagezoom/utils/IOUtils.java,../data/PreprocessedData/PreprocessedQueries/Screen-3/Preprocessed_with_All_GUI_Component_IDs/query_expansion_1/bug_report_1406.txt,0.42826157808303833
/Users/junayed/Documents/NecessaryDocs/GeorgeMasonUniversity/Research/Projects/BugLocalization/Backup/CodeUnused/BuggyProjects/bug-1406/app/src/main/java/org/fossasia/phimpme/editor/view/imagezoom/utils/ExifUtils.java,../data/PreprocessedData/PreprocessedQueries/Screen-3/Preprocessed_with_All_GUI_Component_IDs/query_expansion_1/bug_report_1406.txt,0.3864161968231201
/Users/junayed/Documents/NecessaryDocs/GeorgeMasonUniversity/Research/Projects/BugLocalization/Backup/CodeUnused/BuggyProjects/bug-1406/app/src/main/java/org/fossasia/phimpme/editor/view/imagezoom/utils/IDisposable.java,../data/PreprocessedData/PreprocessedQueries/Screen-3/Preprocessed_with_All_GUI_Component_IDs/query_expansion_1/bug_report_1406.txt,0.2650459408760071
/Users/junayed/Documents/NecessaryDocs/GeorgeMasonUniversity/Research/Projects/BugLocalization/Backup/CodeUnused/BuggyProjects/bug-1406/app/src/main/java/org/fossasia/phimpme/editor/view/imagezoom/utils/DecodeUtils.java,../data/PreprocessedData/PreprocessedQueries/Screen-3/Preprocessed_with_All_GUI_Component_IDs/query_expansion_1/bug_report_1406.txt,0.3840740919113159
/Users/junayed/Documents/NecessaryDocs/GeorgeMasonUniversity/Research/Projects/BugLocalization/Backup/CodeUnused/BuggyProjects/bug-1406/app/src/main/java/org/fossasia/phimpme/editor/utils/RectUtil.java,../data/PreprocessedData/PreprocessedQueries/Screen-3/Preprocessed_with_All_GUI_Component_IDs/query_expansion_1/bug_report_1406.txt,0.3297489583492279
/Users/junayed/Documents/NecessaryDocs/GeorgeMasonUniversity/Research/Projects/BugLocalization/Backup/CodeUnused/BuggyProjects/bug-1406/app/src/main/java/org/fossasia/phimpme/editor/utils/FileUtil.java,../data/PreprocessedData/PreprocessedQueries/Screen-3/Preprocessed_with_All_GUI_Component_IDs/query_expansion_1/bug_report_1406.txt,0.37736815214157104
/Users/junayed/Documents/NecessaryDocs/GeorgeMasonUniversity/Research/Projects/BugLocalization/Backup/CodeUnused/BuggyProjects/bug-1406/app/src/main/java/org/fossasia/phimpme/editor/utils/Matrix3.java,../data/PreprocessedData/PreprocessedQueries/Screen-3/Preprocessed_with_All_GUI_Component_IDs/query_expansion_1/bug_report_1406.txt,0.3142754137516022
/Users/junayed/Documents/NecessaryDocs/GeorgeMasonUniversity/Research/Projects/BugLocalization/Backup/CodeUnused/BuggyProjects/bug-1406/app/src/main/java/org/fossasia/phimpme/editor/utils/PaintUtil.java,../data/PreprocessedData/PreprocessedQueries/Screen-3/Preprocessed_with_All_GUI_Component_IDs/query_expansion_1/bug_report_1406.txt,0.3153376579284668
/Users/junayed/Documents/NecessaryDocs/GeorgeMasonUniversity/Research/Projects/BugLocalization/Backup/CodeUnused/BuggyProjects/bug-1406/app/src/main/java/org/fossasia/phimpme/editor/utils/DensityUtil.java,../data/PreprocessedData/PreprocessedQueries/Screen-3/Preprocessed_with_All_GUI_Component_IDs/query_expansion_1/bug_report_1406.txt,0.2602858245372772
/Users/junayed/Documents/NecessaryDocs/GeorgeMasonUniversity/Research/Projects/BugLocalization/Backup/CodeUnused/BuggyProjects/bug-1406/app/src/main/java/org/fossasia/phimpme/editor/utils/ListUtil.java,../data/PreprocessedData/PreprocessedQueries/Screen-3/Preprocessed_with_All_GUI_Component_IDs/query_expansion_1/bug_report_1406.txt,0.2097683697938919
/Users/junayed/Documents/NecessaryDocs/GeorgeMasonUniversity/Research/Projects/BugLocalization/Backup/CodeUnused/BuggyProjects/bug-1406/app/src/main/java/org/fossasia/phimpme/editor/utils/BitmapUtils.java,../data/PreprocessedData/PreprocessedQueries/Screen-3/Preprocessed_with_All_GUI_Component_IDs/query_expansion_1/bug_report_1406.txt,0.5150099396705627
/Users/junayed/Documents/NecessaryDocs/GeorgeMasonUniversity/Research/Projects/BugLocalization/Backup/CodeUnused/BuggyProjects/bug-1406/app/src/main/java/org/fossasia/phimpme/gallery/SelectAlbumBottomSheet.java,../data/PreprocessedData/PreprocessedQueries/Screen-3/Preprocessed_with_All_GUI_Component_IDs/query_expansion_1/bug_report_1406.txt,0.5896725058555603
/Users/junayed/Documents/NecessaryDocs/GeorgeMasonUniversity/Research/Projects/BugLocalization/Backup/CodeUnused/BuggyProjects/bug-1406/app/src/main/java/org/fossasia/phimpme/gallery/SecretConstants.java,../data/PreprocessedData/PreprocessedQueries/Screen-3/Preprocessed_with_All_GUI_Component_IDs/query_expansion_1/bug_report_1406.txt,0.3366870582103729
/Users/junayed/Documents/NecessaryDocs/GeorgeMasonUniversity/Research/Projects/BugLocalization/Backup/CodeUnused/BuggyProjects/bug-1406/app/src/main/java/org/fossasia/phimpme/gallery/CustomGlideModule.java,../data/PreprocessedData/PreprocessedQueries/Screen-3/Preprocessed_with_All_GUI_Component_IDs/query_expansion_1/bug_report_1406.txt,0.3929031491279602
/Users/junayed/Documents/NecessaryDocs/GeorgeMasonUniversity/Research/Projects/BugLocalization/Backup/CodeUnused/BuggyProjects/bug-1406/app/src/main/java/org/fossasia/phimpme/gallery/data/CustomAlbumsHelper.java,../data/PreprocessedData/PreprocessedQueries/Screen-3/Preprocessed_with_All_GUI_Component_IDs/query_expansion_1/bug_report_1406.txt,0.4488052725791931
/Users/junayed/Documents/NecessaryDocs/GeorgeMasonUniversity/Research/Projects/BugLocalization/Backup/CodeUnused/BuggyProjects/bug-1406/app/src/main/java/org/fossasia/phimpme/gallery/data/AlbumSettings.java,../data/PreprocessedData/PreprocessedQueries/Screen-3/Preprocessed_with_All_GUI_Component_IDs/query_expansion_1/bug_report_1406.txt,0.43752482533454895
/Users/junayed/Documents/NecessaryDocs/GeorgeMasonUniversity/Research/Projects/BugLocalization/Backup/CodeUnused/BuggyProjects/bug-1406/app/src/main/java/org/fossasia/phimpme/gallery/data/MetadataItem.java,../data/PreprocessedData/PreprocessedQueries/Screen-3/Preprocessed_with_All_GUI_Component_IDs/query_expansion_1/bug_report_1406.txt,0.4291747212409973
/Users/junayed/Documents/NecessaryDocs/GeorgeMasonUniversity/Research/Projects/BugLocalization/Backup/CodeUnused/BuggyProjects/bug-1406/app/src/main/java/org/fossasia/phimpme/gallery/data/Media.java,../data/PreprocessedData/PreprocessedQueries/Screen-3/Preprocessed_with_All_GUI_Component_IDs/query_expansion_1/bug_report_1406.txt,0.4088248014450073
/Users/junayed/Documents/NecessaryDocs/GeorgeMasonUniversity/Research/Projects/BugLocalization/Backup/CodeUnused/BuggyProjects/bug-1406/app/src/main/java/org/fossasia/phimpme/gallery/data/HandlingAlbums.java,../data/PreprocessedData/PreprocessedQueries/Screen-3/Preprocessed_with_All_GUI_Component_IDs/query_expansion_1/bug_report_1406.txt,0.47100314497947693
/Users/junayed/Documents/NecessaryDocs/GeorgeMasonUniversity/Research/Projects/BugLocalization/Backup/CodeUnused/BuggyProjects/bug-1406/app/src/main/java/org/fossasia/phimpme/gallery/data/Album.java,../data/PreprocessedData/PreprocessedQueries/Screen-3/Preprocessed_with_All_GUI_Component_IDs/query_expansion_1/bug_report_1406.txt,0.4799707531929016
/Users/junayed/Documents/NecessaryDocs/GeorgeMasonUniversity/Research/Projects/BugLocalization/Backup/CodeUnused/BuggyProjects/bug-1406/app/src/main/java/org/fossasia/phimpme/gallery/data/SimpleMediaIdentifier.java,../data/PreprocessedData/PreprocessedQueries/Screen-3/Preprocessed_with_All_GUI_Component_IDs/query_expansion_1/bug_report_1406.txt,0.31552207469940186
/Users/junayed/Documents/NecessaryDocs/GeorgeMasonUniversity/Research/Projects/BugLocalization/Backup/CodeUnused/BuggyProjects/bug-1406/app/src/main/java/org/fossasia/phimpme/gallery/data/base/SortingOrder.java,../data/PreprocessedData/PreprocessedQueries/Screen-3/Preprocessed_with_All_GUI_Component_IDs/query_expansion_1/bug_report_1406.txt,0.2287209928035736
/Users/junayed/Documents/NecessaryDocs/GeorgeMasonUniversity/Research/Projects/BugLocalization/Backup/CodeUnused/BuggyProjects/bug-1406/app/src/main/java/org/fossasia/phimpme/gallery/data/base/FoldersFileFilter.java,../data/PreprocessedData/PreprocessedQueries/Screen-3/Preprocessed_with_All_GUI_Component_IDs/query_expansion_1/bug_report_1406.txt,0.3821481466293335
/Users/junayed/Documents/NecessaryDocs/GeorgeMasonUniversity/Research/Projects/BugLocalization/Backup/CodeUnused/BuggyProjects/bug-1406/app/src/main/java/org/fossasia/phimpme/gallery/data/base/MediaDetailsMap.java,../data/PreprocessedData/PreprocessedQueries/Screen-3/Preprocessed_with_All_GUI_Component_IDs/query_expansion_1/bug_report_1406.txt,0.2953281104564667
/Users/junayed/Documents/NecessaryDocs/GeorgeMasonUniversity/Research/Projects/BugLocalization/Backup/CodeUnused/BuggyProjects/bug-1406/app/src/main/java/org/fossasia/phimpme/gallery/data/base/AlbumsComparators.java,../data/PreprocessedData/PreprocessedQueries/Screen-3/Preprocessed_with_All_GUI_Component_IDs/query_expansion_1/bug_report_1406.txt,0.3198675513267517
/Users/junayed/Documents/NecessaryDocs/GeorgeMasonUniversity/Research/Projects/BugLocalization/Backup/CodeUnused/BuggyProjects/bug-1406/app/src/main/java/org/fossasia/phimpme/gallery/data/base/SortingMode.java,../data/PreprocessedData/PreprocessedQueries/Screen-3/Preprocessed_with_All_GUI_Component_IDs/query_expansion_1/bug_report_1406.txt,0.27943992614746094
/Users/junayed/Documents/NecessaryDocs/GeorgeMasonUniversity/Research/Projects/BugLocalization/Backup/CodeUnused/BuggyProjects/bug-1406/app/src/main/java/org/fossasia/phimpme/gallery/data/base/FilterMode.java,../data/PreprocessedData/PreprocessedQueries/Screen-3/Preprocessed_with_All_GUI_Component_IDs/query_expansion_1/bug_report_1406.txt,0.2891368269920349
/Users/junayed/Documents/NecessaryDocs/GeorgeMasonUniversity/Research/Projects/BugLocalization/Backup/CodeUnused/BuggyProjects/bug-1406/app/src/main/java/org/fossasia/phimpme/gallery/data/base/MediaComparators.java,../data/PreprocessedData/PreprocessedQueries/Screen-3/Preprocessed_with_All_GUI_Component_IDs/query_expansion_1/bug_report_1406.txt,0.2940330505371094
/Users/junayed/Documents/NecessaryDocs/GeorgeMasonUniversity/Research/Projects/BugLocalization/Backup/CodeUnused/BuggyProjects/bug-1406/app/src/main/java/org/fossasia/phimpme/gallery/data/base/ImageFileFilter.java,../data/PreprocessedData/PreprocessedQueries/Screen-3/Preprocessed_with_All_GUI_Component_IDs/query_expansion_1/bug_report_1406.txt,0.407661110162735
/Users/junayed/Documents/NecessaryDocs/GeorgeMasonUniversity/Research/Projects/BugLocalization/Backup/CodeUnused/BuggyProjects/bug-1406/app/src/main/java/org/fossasia/phimpme/gallery/data/providers/MediaStoreProvider.java,../data/PreprocessedData/PreprocessedQueries/Screen-3/Preprocessed_with_All_GUI_Component_IDs/query_expansion_1/bug_report_1406.txt,0.4521445333957672
/Users/junayed/Documents/NecessaryDocs/GeorgeMasonUniversity/Research/Projects/BugLocalization/Backup/CodeUnused/BuggyProjects/bug-1406/app/src/main/java/org/fossasia/phimpme/gallery/data/providers/StorageProvider.java,../data/PreprocessedData/PreprocessedQueries/Screen-3/Preprocessed_with_All_GUI_Component_IDs/query_expansion_1/bug_report_1406.txt,0.46955716609954834
/Users/junayed/Documents/NecessaryDocs/GeorgeMasonUniversity/Research/Projects/BugLocalization/Backup/CodeUnused/BuggyProjects/bug-1406/app/src/main/java/org/fossasia/phimpme/gallery/activities/SettingsActivity.java,../data/PreprocessedData/PreprocessedQueries/Screen-3/Preprocessed_with_All_GUI_Component_IDs/query_expansion_1/bug_report_1406.txt,0.5512029528617859
/Users/junayed/Documents/NecessaryDocs/GeorgeMasonUniversity/Research/Projects/BugLocalization/Backup/CodeUnused/BuggyProjects/bug-1406/app/src/main/java/org/fossasia/phimpme/gallery/activities/ExcludedAlbumsActivity.java,../data/PreprocessedData/PreprocessedQueries/Screen-3/Preprocessed_with_All_GUI_Component_IDs/query_expansion_1/bug_report_1406.txt,0.5520807504653931
/Users/junayed/Documents/NecessaryDocs/GeorgeMasonUniversity/Research/Projects/BugLocalization/Backup/CodeUnused/BuggyProjects/bug-1406/app/src/main/java/org/fossasia/phimpme/gallery/activities/SecurityActivity.java,../data/PreprocessedData/PreprocessedQueries/Screen-3/Preprocessed_with_All_GUI_Component_IDs/query_expansion_1/bug_report_1406.txt,0.5726946592330933
/Users/junayed/Documents/NecessaryDocs/GeorgeMasonUniversity/Research/Projects/BugLocalization/Backup/CodeUnused/BuggyProjects/bug-1406/app/src/main/java/org/fossasia/phimpme/gallery/activities/SplashScreen.java,../data/PreprocessedData/PreprocessedQueries/Screen-3/Preprocessed_with_All_GUI_Component_IDs/query_expansion_1/bug_report_1406.txt,0.572616457939148
/Users/junayed/Documents/NecessaryDocs/GeorgeMasonUniversity/Research/Projects/BugLocalization/Backup/CodeUnused/BuggyProjects/bug-1406/app/src/main/java/org/fossasia/phimpme/gallery/activities/AboutActivity.java,../data/PreprocessedData/PreprocessedQueries/Screen-3/Preprocessed_with_All_GUI_Component_IDs/query_expansion_1/bug_report_1406.txt,0.5378590822219849
/Users/junayed/Documents/NecessaryDocs/GeorgeMasonUniversity/Research/Projects/BugLocalization/Backup/CodeUnused/BuggyProjects/bug-1406/app/src/main/java/org/fossasia/phimpme/gallery/activities/LFMainActivity.java,../data/PreprocessedData/PreprocessedQueries/Screen-3/Preprocessed_with_All_GUI_Component_IDs/query_expansion_1/bug_report_1406.txt,0.5941118001937866
/Users/junayed/Documents/NecessaryDocs/GeorgeMasonUniversity/Research/Projects/BugLocalization/Backup/CodeUnused/BuggyProjects/bug-1406/app/src/main/java/org/fossasia/phimpme/gallery/activities/FileUtils.java,../data/PreprocessedData/PreprocessedQueries/Screen-3/Preprocessed_with_All_GUI_Component_IDs/query_expansion_1/bug_report_1406.txt,0.42512527108192444
/Users/junayed/Documents/NecessaryDocs/GeorgeMasonUniversity/Research/Projects/BugLocalization/Backup/CodeUnused/BuggyProjects/bug-1406/app/src/main/java/org/fossasia/phimpme/gallery/util/MediaSignature.java,../data/PreprocessedData/PreprocessedQueries/Screen-3/Preprocessed_with_All_GUI_Component_IDs/query_expansion_1/bug_report_1406.txt,0.38650229573249817
/Users/junayed/Documents/NecessaryDocs/GeorgeMasonUniversity/Research/Projects/BugLocalization/Backup/CodeUnused/BuggyProjects/bug-1406/app/src/main/java/org/fossasia/phimpme/gallery/util/PreferenceUtil.java,../data/PreprocessedData/PreprocessedQueries/Screen-3/Preprocessed_with_All_GUI_Component_IDs/query_expansion_1/bug_report_1406.txt,0.3366263210773468
/Users/junayed/Documents/NecessaryDocs/GeorgeMasonUniversity/Research/Projects/BugLocalization/Backup/CodeUnused/BuggyProjects/bug-1406/app/src/main/java/org/fossasia/phimpme/gallery/util/CustomTabService.java,../data/PreprocessedData/PreprocessedQueries/Screen-3/Preprocessed_with_All_GUI_Component_IDs/query_expansion_1/bug_report_1406.txt,0.397416889667511
/Users/junayed/Documents/NecessaryDocs/GeorgeMasonUniversity/Research/Projects/BugLocalization/Backup/CodeUnused/BuggyProjects/bug-1406/app/src/main/java/org/fossasia/phimpme/gallery/util/AlertDialogsHelper.java,../data/PreprocessedData/PreprocessedQueries/Screen-3/Preprocessed_with_All_GUI_Component_IDs/query_expansion_1/bug_report_1406.txt,0.483601450920105
/Users/junayed/Documents/NecessaryDocs/GeorgeMasonUniversity/Research/Projects/BugLocalization/Backup/CodeUnused/BuggyProjects/bug-1406/app/src/main/java/org/fossasia/phimpme/gallery/util/ThemeHelper.java,../data/PreprocessedData/PreprocessedQueries/Screen-3/Preprocessed_with_All_GUI_Component_IDs/query_expansion_1/bug_report_1406.txt,0.4326866567134857
/Users/junayed/Documents/NecessaryDocs/GeorgeMasonUniversity/Research/Projects/BugLocalization/Backup/CodeUnused/BuggyProjects/bug-1406/app/src/main/java/org/fossasia/phimpme/gallery/util/Affix.java,../data/PreprocessedData/PreprocessedQueries/Screen-3/Preprocessed_with_All_GUI_Component_IDs/query_expansion_1/bug_report_1406.txt,0.4436224102973938
/Users/junayed/Documents/NecessaryDocs/GeorgeMasonUniversity/Research/Projects/BugLocalization/Backup/CodeUnused/BuggyProjects/bug-1406/app/src/main/java/org/fossasia/phimpme/gallery/util/PermissionUtils.java,../data/PreprocessedData/PreprocessedQueries/Screen-3/Preprocessed_with_All_GUI_Component_IDs/query_expansion_1/bug_report_1406.txt,0.32181233167648315
/Users/junayed/Documents/NecessaryDocs/GeorgeMasonUniversity/Research/Projects/BugLocalization/Backup/CodeUnused/BuggyProjects/bug-1406/app/src/main/java/org/fossasia/phimpme/gallery/util/NumericComparator.java,../data/PreprocessedData/PreprocessedQueries/Screen-3/Preprocessed_with_All_GUI_Component_IDs/query_expansion_1/bug_report_1406.txt,0.34109732508659363
/Users/junayed/Documents/NecessaryDocs/GeorgeMasonUniversity/Research/Projects/BugLocalization/Backup/CodeUnused/BuggyProjects/bug-1406/app/src/main/java/org/fossasia/phimpme/gallery/util/SecurityHelper.java,../data/PreprocessedData/PreprocessedQueries/Screen-3/Preprocessed_with_All_GUI_Component_IDs/query_expansion_1/bug_report_1406.txt,0.5025216341018677
/Users/junayed/Documents/NecessaryDocs/GeorgeMasonUniversity/Research/Projects/BugLocalization/Backup/CodeUnused/BuggyProjects/bug-1406/app/src/main/java/org/fossasia/phimpme/gallery/util/StaticMapProvider.java,../data/PreprocessedData/PreprocessedQueries/Screen-3/Preprocessed_with_All_GUI_Component_IDs/query_expansion_1/bug_report_1406.txt,0.36642351746559143
/Users/junayed/Documents/NecessaryDocs/GeorgeMasonUniversity/Research/Projects/BugLocalization/Backup/CodeUnused/BuggyProjects/bug-1406/app/src/main/java/org/fossasia/phimpme/gallery/util/ContentHelper.java,../data/PreprocessedData/PreprocessedQueries/Screen-3/Preprocessed_with_All_GUI_Component_IDs/query_expansion_1/bug_report_1406.txt,0.42418426275253296
/Users/junayed/Documents/NecessaryDocs/GeorgeMasonUniversity/Research/Projects/BugLocalization/Backup/CodeUnused/BuggyProjects/bug-1406/app/src/main/java/org/fossasia/phimpme/gallery/util/ColorPalette.java,../data/PreprocessedData/PreprocessedQueries/Screen-3/Preprocessed_with_All_GUI_Component_IDs/query_expansion_1/bug_report_1406.txt,0.32835787534713745
/Users/junayed/Documents/NecessaryDocs/GeorgeMasonUniversity/Research/Projects/BugLocalization/Backup/CodeUnused/BuggyProjects/bug-1406/app/src/main/java/org/fossasia/phimpme/gallery/util/Measure.java,../data/PreprocessedData/PreprocessedQueries/Screen-3/Preprocessed_with_All_GUI_Component_IDs/query_expansion_1/bug_report_1406.txt,0.3266471028327942
/Users/junayed/Documents/NecessaryDocs/GeorgeMasonUniversity/Research/Projects/BugLocalization/Backup/CodeUnused/BuggyProjects/bug-1406/app/src/main/java/org/fossasia/phimpme/gallery/util/StringUtils.java,../data/PreprocessedData/PreprocessedQueries/Screen-3/Preprocessed_with_All_GUI_Component_IDs/query_expansion_1/bug_report_1406.txt,0.358542799949646
/Users/junayed/Documents/NecessaryDocs/GeorgeMasonUniversity/Research/Projects/BugLocalization/Backup/CodeUnused/BuggyProjects/bug-1406/app/src/main/java/org/fossasia/phimpme/gallery/util/player/ExtractorRendererBuilder.java,../data/PreprocessedData/PreprocessedQueries/Screen-3/Preprocessed_with_All_GUI_Component_IDs/query_expansion_1/bug_report_1406.txt,0.3350789546966553
/Users/junayed/Documents/NecessaryDocs/GeorgeMasonUniversity/Research/Projects/BugLocalization/Backup/CodeUnused/BuggyProjects/bug-1406/app/src/main/java/org/fossasia/phimpme/gallery/util/player/DemoPlayer.java,../data/PreprocessedData/PreprocessedQueries/Screen-3/Preprocessed_with_All_GUI_Component_IDs/query_expansion_1/bug_report_1406.txt,0.41024819016456604
/Users/junayed/Documents/NecessaryDocs/GeorgeMasonUniversity/Research/Projects/BugLocalization/Backup/CodeUnused/BuggyProjects/bug-1406/app/src/main/java/org/fossasia/phimpme/gallery/util/player/HlsRendererBuilder.java,../data/PreprocessedData/PreprocessedQueries/Screen-3/Preprocessed_with_All_GUI_Component_IDs/query_expansion_1/bug_report_1406.txt,0.35552507638931274
/Users/junayed/Documents/NecessaryDocs/GeorgeMasonUniversity/Research/Projects/BugLocalization/Backup/CodeUnused/BuggyProjects/bug-1406/app/src/main/java/org/fossasia/phimpme/gallery/util/player/DashRendererBuilder.java,../data/PreprocessedData/PreprocessedQueries/Screen-3/Preprocessed_with_All_GUI_Component_IDs/query_expansion_1/bug_report_1406.txt,0.4019220173358917
/Users/junayed/Documents/NecessaryDocs/GeorgeMasonUniversity/Research/Projects/BugLocalization/Backup/CodeUnused/BuggyProjects/bug-1406/app/src/main/java/org/fossasia/phimpme/gallery/util/player/SmoothStreamingRendererBuilder.java,../data/PreprocessedData/PreprocessedQueries/Screen-3/Preprocessed_with_All_GUI_Component_IDs/query_expansion_1/bug_report_1406.txt,0.3524644076824188
/Users/junayed/Documents/NecessaryDocs/GeorgeMasonUniversity/Research/Projects/BugLocalization/Backup/CodeUnused/BuggyProjects/bug-1406/app/src/main/java/org/fossasia/phimpme/gallery/adapters/MediaAdapter.java,../data/PreprocessedData/PreprocessedQueries/Screen-3/Preprocessed_with_All_GUI_Component_IDs/query_expansion_1/bug_report_1406.txt,0.49404361844062805
/Users/junayed/Documents/NecessaryDocs/GeorgeMasonUniversity/Research/Projects/BugLocalization/Backup/CodeUnused/BuggyProjects/bug-1406/app/src/main/java/org/fossasia/phimpme/gallery/adapters/ImageAdapter.java,../data/PreprocessedData/PreprocessedQueries/Screen-3/Preprocessed_with_All_GUI_Component_IDs/query_expansion_1/bug_report_1406.txt,0.4502929151058197
/Users/junayed/Documents/NecessaryDocs/GeorgeMasonUniversity/Research/Projects/BugLocalization/Backup/CodeUnused/BuggyProjects/bug-1406/app/src/main/java/org/fossasia/phimpme/gallery/adapters/AlbumsAdapter.java,../data/PreprocessedData/PreprocessedQueries/Screen-3/Preprocessed_with_All_GUI_Component_IDs/query_expansion_1/bug_report_1406.txt,0.4694559872150421
/Users/junayed/Documents/NecessaryDocs/GeorgeMasonUniversity/Research/Projects/BugLocalization/Backup/CodeUnused/BuggyProjects/bug-1406/app/src/main/java/org/fossasia/phimpme/gallery/animations/DepthPageTransformer.java,../data/PreprocessedData/PreprocessedQueries/Screen-3/Preprocessed_with_All_GUI_Component_IDs/query_expansion_1/bug_report_1406.txt,0.3928285241127014
/Users/junayed/Documents/NecessaryDocs/GeorgeMasonUniversity/Research/Projects/BugLocalization/Backup/CodeUnused/BuggyProjects/bug-1406/app/src/main/java/org/fossasia/phimpme/gallery/views/ZoomImageView.java,../data/PreprocessedData/PreprocessedQueries/Screen-3/Preprocessed_with_All_GUI_Component_IDs/query_expansion_1/bug_report_1406.txt,0.405750572681427
/Users/junayed/Documents/NecessaryDocs/GeorgeMasonUniversity/Research/Projects/BugLocalization/Backup/CodeUnused/BuggyProjects/bug-1406/app/src/main/java/org/fossasia/phimpme/gallery/views/FabScrollBehaviour.java,../data/PreprocessedData/PreprocessedQueries/Screen-3/Preprocessed_with_All_GUI_Component_IDs/query_expansion_1/bug_report_1406.txt,0.5011112093925476
/Users/junayed/Documents/NecessaryDocs/GeorgeMasonUniversity/Research/Projects/BugLocalization/Backup/CodeUnused/BuggyProjects/bug-1406/app/src/main/java/org/fossasia/phimpme/gallery/views/SquareRelativeLayout.java,../data/PreprocessedData/PreprocessedQueries/Screen-3/Preprocessed_with_All_GUI_Component_IDs/query_expansion_1/bug_report_1406.txt,0.42708146572113037
/Users/junayed/Documents/NecessaryDocs/GeorgeMasonUniversity/Research/Projects/BugLocalization/Backup/CodeUnused/BuggyProjects/bug-1406/app/src/main/java/org/fossasia/phimpme/gallery/views/SquareImageView.java,../data/PreprocessedData/PreprocessedQueries/Screen-3/Preprocessed_with_All_GUI_Component_IDs/query_expansion_1/bug_report_1406.txt,0.381538063287735
/Users/junayed/Documents/NecessaryDocs/GeorgeMasonUniversity/Research/Projects/BugLocalization/Backup/CodeUnused/BuggyProjects/bug-1406/app/src/main/java/org/fossasia/phimpme/gallery/views/RotateTransformation.java,../data/PreprocessedData/PreprocessedQueries/Screen-3/Preprocessed_with_All_GUI_Component_IDs/query_expansion_1/bug_report_1406.txt,0.36088600754737854
/Users/junayed/Documents/NecessaryDocs/GeorgeMasonUniversity/Research/Projects/BugLocalization/Backup/CodeUnused/BuggyProjects/bug-1406/app/src/main/java/org/fossasia/phimpme/gallery/views/PagerRecyclerView.java,../data/PreprocessedData/PreprocessedQueries/Screen-3/Preprocessed_with_All_GUI_Component_IDs/query_expansion_1/bug_report_1406.txt,0.4697243571281433
/Users/junayed/Documents/NecessaryDocs/GeorgeMasonUniversity/Research/Projects/BugLocalization/Backup/CodeUnused/BuggyProjects/bug-1406/app/src/main/java/org/fossasia/phimpme/gallery/views/GridSpacingItemDecoration.java,../data/PreprocessedData/PreprocessedQueries/Screen-3/Preprocessed_with_All_GUI_Component_IDs/query_expansion_1/bug_report_1406.txt,0.45849311351776123
/Users/junayed/Documents/NecessaryDocs/GeorgeMasonUniversity/Research/Projects/BugLocalization/Backup/CodeUnused/BuggyProjects/bug-1406/app/src/main/java/org/fossasia/phimpme/base/PhimpmeProgressBarHandler.java,../data/PreprocessedData/PreprocessedQueries/Screen-3/Preprocessed_with_All_GUI_Component_IDs/query_expansion_1/bug_report_1406.txt,0.3603934943675995
/Users/junayed/Documents/NecessaryDocs/GeorgeMasonUniversity/Research/Projects/BugLocalization/Backup/CodeUnused/BuggyProjects/bug-1406/app/src/main/java/org/fossasia/phimpme/base/MvpView.java,../data/PreprocessedData/PreprocessedQueries/Screen-3/Preprocessed_with_All_GUI_Component_IDs/query_expansion_1/bug_report_1406.txt,0.3157902956008911
/Users/junayed/Documents/NecessaryDocs/GeorgeMasonUniversity/Research/Projects/BugLocalization/Backup/CodeUnused/BuggyProjects/bug-1406/app/src/main/java/org/fossasia/phimpme/base/BaseActivity.java,../data/PreprocessedData/PreprocessedQueries/Screen-3/Preprocessed_with_All_GUI_Component_IDs/query_expansion_1/bug_report_1406.txt,0.4896760880947113
/Users/junayed/Documents/NecessaryDocs/GeorgeMasonUniversity/Research/Projects/BugLocalization/Backup/CodeUnused/BuggyProjects/bug-1406/app/src/main/java/org/fossasia/phimpme/base/SharedMediaActivity.java,../data/PreprocessedData/PreprocessedQueries/Screen-3/Preprocessed_with_All_GUI_Component_IDs/query_expansion_1/bug_report_1406.txt,0.4046953320503235
/Users/junayed/Documents/NecessaryDocs/GeorgeMasonUniversity/Research/Projects/BugLocalization/Backup/CodeUnused/BuggyProjects/bug-1406/app/src/main/java/org/fossasia/phimpme/base/ThemedActivity.java,../data/PreprocessedData/PreprocessedQueries/Screen-3/Preprocessed_with_All_GUI_Component_IDs/query_expansion_1/bug_report_1406.txt,0.48017972707748413
/Users/junayed/Documents/NecessaryDocs/GeorgeMasonUniversity/Research/Projects/BugLocalization/Backup/CodeUnused/BuggyProjects/bug-1406/app/src/main/java/org/fossasia/phimpme/base/Presenter.java,../data/PreprocessedData/PreprocessedQueries/Screen-3/Preprocessed_with_All_GUI_Component_IDs/query_expansion_1/bug_report_1406.txt,0.293641597032547
/Users/junayed/Documents/NecessaryDocs/GeorgeMasonUniversity/Research/Projects/BugLocalization/Backup/CodeUnused/BuggyProjects/bug-1406/app/src/main/java/org/fossasia/phimpme/base/BasePresenter.java,../data/PreprocessedData/PreprocessedQueries/Screen-3/Preprocessed_with_All_GUI_Component_IDs/query_expansion_1/bug_report_1406.txt,0.29443439841270447
/Users/junayed/Documents/NecessaryDocs/GeorgeMasonUniversity/Research/Projects/BugLocalization/Backup/CodeUnused/BuggyProjects/bug-1406/app/src/main/java/org/fossasia/phimpme/base/RecyclerItemClickListner.java,../data/PreprocessedData/PreprocessedQueries/Screen-3/Preprocessed_with_All_GUI_Component_IDs/query_expansion_1/bug_report_1406.txt,0.4096639156341553
/Users/junayed/Documents/NecessaryDocs/GeorgeMasonUniversity/Research/Projects/BugLocalization/Backup/CodeUnused/BuggyProjects/bug-1406/app/src/main/java/org/fossasia/phimpme/accounts/AccountPresenter.java,../data/PreprocessedData/PreprocessedQueries/Screen-3/Preprocessed_with_All_GUI_Component_IDs/query_expansion_1/bug_report_1406.txt,0.365213543176651
/Users/junayed/Documents/NecessaryDocs/GeorgeMasonUniversity/Research/Projects/BugLocalization/Backup/CodeUnused/BuggyProjects/bug-1406/app/src/main/java/org/fossasia/phimpme/accounts/AccountContract.java,../data/PreprocessedData/PreprocessedQueries/Screen-3/Preprocessed_with_All_GUI_Component_IDs/query_expansion_1/bug_report_1406.txt,0.4163631498813629
/Users/junayed/Documents/NecessaryDocs/GeorgeMasonUniversity/Research/Projects/BugLocalization/Backup/CodeUnused/BuggyProjects/bug-1406/app/src/main/java/org/fossasia/phimpme/accounts/AccountAdapter.java,../data/PreprocessedData/PreprocessedQueries/Screen-3/Preprocessed_with_All_GUI_Component_IDs/query_expansion_1/bug_report_1406.txt,0.4114697575569153
/Users/junayed/Documents/NecessaryDocs/GeorgeMasonUniversity/Research/Projects/BugLocalization/Backup/CodeUnused/BuggyProjects/bug-1406/app/src/main/java/org/fossasia/phimpme/accounts/AccountActivity.java,../data/PreprocessedData/PreprocessedQueries/Screen-3/Preprocessed_with_All_GUI_Component_IDs/query_expansion_1/bug_report_1406.txt,0.5412176251411438
/Users/junayed/Documents/NecessaryDocs/GeorgeMasonUniversity/Research/Projects/BugLocalization/Backup/CodeUnused/BuggyProjects/bug-1406/app/src/main/java/org/fossasia/phimpme/utilities/SnackBarHandler.java,../data/PreprocessedData/PreprocessedQueries/Screen-3/Preprocessed_with_All_GUI_Component_IDs/query_expansion_1/bug_report_1406.txt,0.444661021232605
/Users/junayed/Documents/NecessaryDocs/GeorgeMasonUniversity/Research/Projects/BugLocalization/Backup/CodeUnused/BuggyProjects/bug-1406/app/src/main/java/org/fossasia/phimpme/utilities/ActivitySwitchHelper.java,../data/PreprocessedData/PreprocessedQueries/Screen-3/Preprocessed_with_All_GUI_Component_IDs/query_expansion_1/bug_report_1406.txt,0.23845043778419495
/Users/junayed/Documents/NecessaryDocs/GeorgeMasonUniversity/Research/Projects/BugLocalization/Backup/CodeUnused/BuggyProjects/bug-1406/app/src/main/java/org/fossasia/phimpme/utilities/Constants.java,../data/PreprocessedData/PreprocessedQueries/Screen-3/Preprocessed_with_All_GUI_Component_IDs/query_expansion_1/bug_report_1406.txt,0.3723442554473877
/Users/junayed/Documents/NecessaryDocs/GeorgeMasonUniversity/Research/Projects/BugLocalization/Backup/CodeUnused/BuggyProjects/bug-1406/app/src/main/java/org/fossasia/phimpme/utilities/BasicCallBack.java,../data/PreprocessedData/PreprocessedQueries/Screen-3/Preprocessed_with_All_GUI_Component_IDs/query_expansion_1/bug_report_1406.txt,0.09747489541769028
/Users/junayed/Documents/NecessaryDocs/GeorgeMasonUniversity/Research/Projects/BugLocalization/Backup/CodeUnused/BuggyProjects/bug-1406/app/src/main/java/org/fossasia/phimpme/utilities/NotificationHandler.java,../data/PreprocessedData/PreprocessedQueries/Screen-3/Preprocessed_with_All_GUI_Component_IDs/query_expansion_1/bug_report_1406.txt,0.3945736587047577
/Users/junayed/Documents/NecessaryDocs/GeorgeMasonUniversity/Research/Projects/BugLocalization/Backup/CodeUnused/BuggyProjects/bug-1406/app/src/main/java/org/fossasia/phimpme/utilities/Utils.java,../data/PreprocessedData/PreprocessedQueries/Screen-3/Preprocessed_with_All_GUI_Component_IDs/query_expansion_1/bug_report_1406.txt,0.44172513484954834
/Users/junayed/Documents/NecessaryDocs/GeorgeMasonUniversity/Research/Projects/BugLocalization/Backup/CodeUnused/BuggyProjects/bug-1406/app/src/main/java/org/fossasia/phimpme/share/SharingActivity.java,../data/PreprocessedData/PreprocessedQueries/Screen-3/Preprocessed_with_All_GUI_Component_IDs/query_expansion_1/bug_report_1406.txt,0.5471193194389343
/Users/junayed/Documents/NecessaryDocs/GeorgeMasonUniversity/Research/Projects/BugLocalization/Backup/CodeUnused/BuggyProjects/bug-1406/app/src/main/java/org/fossasia/phimpme/share/ShareAdapter.java,../data/PreprocessedData/PreprocessedQueries/Screen-3/Preprocessed_with_All_GUI_Component_IDs/query_expansion_1/bug_report_1406.txt,0.3989447355270386
/Users/junayed/Documents/NecessaryDocs/GeorgeMasonUniversity/Research/Projects/BugLocalization/Backup/CodeUnused/BuggyProjects/bug-1406/app/src/main/java/org/fossasia/phimpme/share/imgur/ImgurAuthActivity.java,../data/PreprocessedData/PreprocessedQueries/Screen-3/Preprocessed_with_All_GUI_Component_IDs/query_expansion_1/bug_report_1406.txt,0.4653428792953491
/Users/junayed/Documents/NecessaryDocs/GeorgeMasonUniversity/Research/Projects/BugLocalization/Backup/CodeUnused/BuggyProjects/bug-1406/app/src/main/java/org/fossasia/phimpme/share/nextcloud/IndeterminateProgressDialog.java,../data/PreprocessedData/PreprocessedQueries/Screen-3/Preprocessed_with_All_GUI_Component_IDs/query_expansion_1/bug_report_1406.txt,0.4708140790462494
/Users/junayed/Documents/NecessaryDocs/GeorgeMasonUniversity/Research/Projects/BugLocalization/Backup/CodeUnused/BuggyProjects/bug-1406/app/src/main/java/org/fossasia/phimpme/share/nextcloud/AuthenticatorAsyncTask.java,../data/PreprocessedData/PreprocessedQueries/Screen-3/Preprocessed_with_All_GUI_Component_IDs/query_expansion_1/bug_report_1406.txt,0.3827454149723053
/Users/junayed/Documents/NecessaryDocs/GeorgeMasonUniversity/Research/Projects/BugLocalization/Backup/CodeUnused/BuggyProjects/bug-1406/app/src/main/java/org/fossasia/phimpme/share/nextcloud/NextCloudAuth.java,../data/PreprocessedData/PreprocessedQueries/Screen-3/Preprocessed_with_All_GUI_Component_IDs/query_expansion_1/bug_report_1406.txt,0.4809829592704773
/Users/junayed/Documents/NecessaryDocs/GeorgeMasonUniversity/Research/Projects/BugLocalization/Backup/CodeUnused/BuggyProjects/bug-1406/app/src/main/java/org/fossasia/phimpme/share/tumblr/TumblrClient.java,../data/PreprocessedData/PreprocessedQueries/Screen-3/Preprocessed_with_All_GUI_Component_IDs/query_expansion_1/bug_report_1406.txt,0.3143908679485321
/Users/junayed/Documents/NecessaryDocs/GeorgeMasonUniversity/Research/Projects/BugLocalization/Backup/CodeUnused/BuggyProjects/bug-1406/app/src/main/java/org/fossasia/phimpme/share/wordpress/WordpressLoginActivity.java,../data/PreprocessedData/PreprocessedQueries/Screen-3/Preprocessed_with_All_GUI_Component_IDs/query_expansion_1/bug_report_1406.txt,0.47733911871910095
/Users/junayed/Documents/NecessaryDocs/GeorgeMasonUniversity/Research/Projects/BugLocalization/Backup/CodeUnused/BuggyProjects/bug-1406/app/src/main/java/org/fossasia/phimpme/share/flickr/FlickrActivity.java,../data/PreprocessedData/PreprocessedQueries/Screen-3/Preprocessed_with_All_GUI_Component_IDs/query_expansion_1/bug_report_1406.txt,0.4343201816082001
/Users/junayed/Documents/NecessaryDocs/GeorgeMasonUniversity/Research/Projects/BugLocalization/Backup/CodeUnused/BuggyProjects/bug-1406/app/src/main/java/org/fossasia/phimpme/share/flickr/FlickrHelper.java,../data/PreprocessedData/PreprocessedQueries/Screen-3/Preprocessed_with_All_GUI_Component_IDs/query_expansion_1/bug_report_1406.txt,0.4046231508255005
/Users/junayed/Documents/NecessaryDocs/GeorgeMasonUniversity/Research/Projects/BugLocalization/Backup/CodeUnused/BuggyProjects/bug-1406/app/src/main/java/org/fossasia/phimpme/share/flickr/tasks/UploadPhotoTask.java,../data/PreprocessedData/PreprocessedQueries/Screen-3/Preprocessed_with_All_GUI_Component_IDs/query_expansion_1/bug_report_1406.txt,0.391751229763031
/Users/junayed/Documents/NecessaryDocs/GeorgeMasonUniversity/Research/Projects/BugLocalization/Backup/CodeUnused/BuggyProjects/bug-1406/app/src/main/java/org/fossasia/phimpme/share/flickr/tasks/GetOAuthTokenTask.java,../data/PreprocessedData/PreprocessedQueries/Screen-3/Preprocessed_with_All_GUI_Component_IDs/query_expansion_1/bug_report_1406.txt,0.34925752878189087
/Users/junayed/Documents/NecessaryDocs/GeorgeMasonUniversity/Research/Projects/BugLocalization/Backup/CodeUnused/BuggyProjects/bug-1406/app/src/main/java/org/fossasia/phimpme/share/drupal/DrupalLogin.java,../data/PreprocessedData/PreprocessedQueries/Screen-3/Preprocessed_with_All_GUI_Component_IDs/query_expansion_1/bug_report_1406.txt,0.4759971797466278
/Users/junayed/Documents/NecessaryDocs/GeorgeMasonUniversity/Research/Projects/BugLocalization/Backup/CodeUnused/BuggyProjects/bug-1406/app/src/main/java/org/fossasia/phimpme/share/twitter/AppConstant.java,../data/PreprocessedData/PreprocessedQueries/Screen-3/Preprocessed_with_All_GUI_Component_IDs/query_expansion_1/bug_report_1406.txt,0.27274155616760254
/Users/junayed/Documents/NecessaryDocs/GeorgeMasonUniversity/Research/Projects/BugLocalization/Backup/CodeUnused/BuggyProjects/bug-1406/app/src/main/java/org/fossasia/phimpme/share/twitter/HelperMethods.java,../data/PreprocessedData/PreprocessedQueries/Screen-3/Preprocessed_with_All_GUI_Component_IDs/query_expansion_1/bug_report_1406.txt,0.33177104592323303
/Users/junayed/Documents/NecessaryDocs/GeorgeMasonUniversity/Research/Projects/BugLocalization/Backup/CodeUnused/BuggyProjects/bug-1406/app/src/main/java/org/fossasia/phimpme/share/twitter/LoginActivity.java,../data/PreprocessedData/PreprocessedQueries/Screen-3/Preprocessed_with_All_GUI_Component_IDs/query_expansion_1/bug_report_1406.txt,0.4829925298690796
/Users/junayed/Documents/NecessaryDocs/GeorgeMasonUniversity/Research/Projects/BugLocalization/Backup/CodeUnused/BuggyProjects/bug-1406/app/src/main/java/org/fossasia/phimpme/share/owncloud/OwnCloudActivity.java,../data/PreprocessedData/PreprocessedQueries/Screen-3/Preprocessed_with_All_GUI_Component_IDs/query_expansion_1/bug_report_1406.txt,0.47020602226257324
/Users/junayed/Documents/NecessaryDocs/GeorgeMasonUniversity/Research/Projects/BugLocalization/Backup/CodeUnused/BuggyProjects/bug-1406/app/src/main/java/org/fossasia/phimpme/uploadhistory/UploadHistory.java,../data/PreprocessedData/PreprocessedQueries/Screen-3/Preprocessed_with_All_GUI_Component_IDs/query_expansion_1/bug_report_1406.txt,0.5415409207344055
/Users/junayed/Documents/NecessaryDocs/GeorgeMasonUniversity/Research/Projects/BugLocalization/Backup/CodeUnused/BuggyProjects/bug-1406/app/src/main/java/org/fossasia/phimpme/uploadhistory/UploadHistoryAdapter.java,../data/PreprocessedData/PreprocessedQueries/Screen-3/Preprocessed_with_All_GUI_Component_IDs/query_expansion_1/bug_report_1406.txt,0.45904606580734253
/Users/junayed/Documents/NecessaryDocs/GeorgeMasonUniversity/Research/Projects/BugLocalization/Backup/CodeUnused/BuggyProjects/bug-1406/app/src/androidTest/java/org/fossasia/phimpme/me/MainActivityTest.java,../data/PreprocessedData/PreprocessedQueries/Screen-3/Preprocessed_with_All_GUI_Component_IDs/query_expansion_1/bug_report_1406.txt,0.22409752011299133
/Users/junayed/Documents/NecessaryDocs/GeorgeMasonUniversity/Research/Projects/BugLocalization/Backup/CodeUnused/BuggyProjects/bug-1406/app/src/androidTest/java/org/fossasia/phimpme/leafpic/activities/HomeScreenTest.java,../data/PreprocessedData/PreprocessedQueries/Screen-3/Preprocessed_with_All_GUI_Component_IDs/query_expansion_1/bug_report_1406.txt,0.45074132084846497
/Users/junayed/Documents/NecessaryDocs/GeorgeMasonUniversity/Research/Projects/BugLocalization/Backup/CodeUnused/BuggyProjects/bug-1406/app/src/androidTest/java/org/fossasia/phimpme/leafpic/activities/SettingsActivityTest.java,../data/PreprocessedData/PreprocessedQueries/Screen-3/Preprocessed_with_All_GUI_Component_IDs/query_expansion_1/bug_report_1406.txt,0.45180544257164
/Users/junayed/Documents/NecessaryDocs/GeorgeMasonUniversity/Research/Projects/BugLocalization/Backup/CodeUnused/BuggyProjects/bug-1406/app/src/androidTest/java/org/fossasia/phimpme/leafpic/activities/PhotoActivityTest.java,../data/PreprocessedData/PreprocessedQueries/Screen-3/Preprocessed_with_All_GUI_Component_IDs/query_expansion_1/bug_report_1406.txt,0.4960773289203644
