Source_Code_Filename,Preprocessed_Query_File,Cosine_Similarity
/Users/junayed/Documents/NecessaryDocs/GeorgeMasonUniversity/Research/Projects/BugLocalization/Backup/CodeUnused/BuggyProjects/bug-8/app/src/main/java/de/koelle/christian/trickytripper/TrickyTripperActivity.java,../data/PreprocessedData/PreprocessedQueries/Screen-4/Preprocessed_with_GUI_States/replaced_query/bug_report_8.txt,0.5051027536392212
/Users/junayed/Documents/NecessaryDocs/GeorgeMasonUniversity/Research/Projects/BugLocalization/Backup/CodeUnused/BuggyProjects/bug-8/app/src/main/java/de/koelle/christian/common/changelog/ChangeLog.java,../data/PreprocessedData/PreprocessedQueries/Screen-4/Preprocessed_with_GUI_States/replaced_query/bug_report_8.txt,0.1827603429555893
/Users/junayed/Documents/NecessaryDocs/GeorgeMasonUniversity/Research/Projects/BugLocalization/Backup/CodeUnused/BuggyProjects/bug-8/app/src/main/java/de/koelle/christian/common/abs/ActionBarSupport.java,../data/PreprocessedData/PreprocessedQueries/Screen-4/Preprocessed_with_GUI_States/replaced_query/bug_report_8.txt,0.22916170954704285
/Users/junayed/Documents/NecessaryDocs/GeorgeMasonUniversity/Research/Projects/BugLocalization/Backup/CodeUnused/BuggyProjects/bug-8/app/src/main/java/de/koelle/christian/trickytripper/activities/ParticipantEditActivity.java,../data/PreprocessedData/PreprocessedQueries/Screen-4/Preprocessed_with_GUI_States/replaced_query/bug_report_8.txt,0.39188337326049805
/Users/junayed/Documents/NecessaryDocs/GeorgeMasonUniversity/Research/Projects/BugLocalization/Backup/CodeUnused/BuggyProjects/bug-8/app/src/main/java/de/koelle/christian/trickytripper/activities/DirectoryPickerActivity.java,../data/PreprocessedData/PreprocessedQueries/Screen-4/Preprocessed_with_GUI_States/replaced_query/bug_report_8.txt,0.39178887009620667
/Users/junayed/Documents/NecessaryDocs/GeorgeMasonUniversity/Research/Projects/BugLocalization/Backup/CodeUnused/BuggyProjects/bug-8/app/src/main/java/de/koelle/christian/trickytripper/activities/TripEditActivity.java,../data/PreprocessedData/PreprocessedQueries/Screen-4/Preprocessed_with_GUI_States/replaced_query/bug_report_8.txt,0.47556689381599426
/Users/junayed/Documents/NecessaryDocs/GeorgeMasonUniversity/Research/Projects/BugLocalization/Backup/CodeUnused/BuggyProjects/bug-8/app/src/main/java/de/koelle/christian/trickytripper/activities/ExchangeRateEditActivity.java,../data/PreprocessedData/PreprocessedQueries/Screen-4/Preprocessed_with_GUI_States/replaced_query/bug_report_8.txt,0.2128666490316391
/Users/junayed/Documents/NecessaryDocs/GeorgeMasonUniversity/Research/Projects/BugLocalization/Backup/CodeUnused/BuggyProjects/bug-8/app/src/main/java/de/koelle/christian/trickytripper/activities/PreferencesFragment.java,../data/PreprocessedData/PreprocessedQueries/Screen-4/Preprocessed_with_GUI_States/replaced_query/bug_report_8.txt,0.30763542652130127
/Users/junayed/Documents/NecessaryDocs/GeorgeMasonUniversity/Research/Projects/BugLocalization/Backup/CodeUnused/BuggyProjects/bug-8/app/src/main/java/de/koelle/christian/trickytripper/activities/PaymentEditActivity.java,../data/PreprocessedData/PreprocessedQueries/Screen-4/Preprocessed_with_GUI_States/replaced_query/bug_report_8.txt,0.3423272371292114
/Users/junayed/Documents/NecessaryDocs/GeorgeMasonUniversity/Research/Projects/BugLocalization/Backup/CodeUnused/BuggyProjects/bug-8/app/src/main/java/de/koelle/christian/trickytripper/export/impl/res/HtmlExportCharResolver.java,../data/PreprocessedData/PreprocessedQueries/Screen-4/Preprocessed_with_GUI_States/replaced_query/bug_report_8.txt,0.07862038910388947
/Users/junayed/Documents/NecessaryDocs/GeorgeMasonUniversity/Research/Projects/BugLocalization/Backup/CodeUnused/BuggyProjects/bug-8/app/src/main/java/de/koelle/christian/common/http/AsyncHttpParser.java,../data/PreprocessedData/PreprocessedQueries/Screen-4/Preprocessed_with_GUI_States/replaced_query/bug_report_8.txt,0.1281927227973938
/Users/junayed/Documents/NecessaryDocs/GeorgeMasonUniversity/Research/Projects/BugLocalization/Backup/CodeUnused/BuggyProjects/bug-8/app/src/main/java/de/koelle/christian/common/ascii/AsciTableLayoutTableInterface.java,../data/PreprocessedData/PreprocessedQueries/Screen-4/Preprocessed_with_GUI_States/replaced_query/bug_report_8.txt,0
/Users/junayed/Documents/NecessaryDocs/GeorgeMasonUniversity/Research/Projects/BugLocalization/Backup/CodeUnused/BuggyProjects/bug-8/app/src/main/java/de/koelle/christian/common/ascii/AsciTable.java,../data/PreprocessedData/PreprocessedQueries/Screen-4/Preprocessed_with_GUI_States/replaced_query/bug_report_8.txt,0.153905987739563
/Users/junayed/Documents/NecessaryDocs/GeorgeMasonUniversity/Research/Projects/BugLocalization/Backup/CodeUnused/BuggyProjects/bug-8/app/src/main/java/de/koelle/christian/common/widget/tab/GenericTabListener.java,../data/PreprocessedData/PreprocessedQueries/Screen-4/Preprocessed_with_GUI_States/replaced_query/bug_report_8.txt,0.18097428977489471
/Users/junayed/Documents/NecessaryDocs/GeorgeMasonUniversity/Research/Projects/BugLocalization/Backup/CodeUnused/BuggyProjects/bug-8/app/src/main/java/de/koelle/christian/common/io/FileWriter.java,../data/PreprocessedData/PreprocessedQueries/Screen-4/Preprocessed_with_GUI_States/replaced_query/bug_report_8.txt,0
/Users/junayed/Documents/NecessaryDocs/GeorgeMasonUniversity/Research/Projects/BugLocalization/Backup/CodeUnused/BuggyProjects/bug-8/app/src/main/java/de/koelle/christian/common/io/impl/AppFileWriter.java,../data/PreprocessedData/PreprocessedQueries/Screen-4/Preprocessed_with_GUI_States/replaced_query/bug_report_8.txt,0.10571875423192978
/Users/junayed/Documents/NecessaryDocs/GeorgeMasonUniversity/Research/Projects/BugLocalization/Backup/CodeUnused/BuggyProjects/bug-8/app/src/main/java/de/koelle/christian/common/currencyspinner/SpinnerViewUtils.java,../data/PreprocessedData/PreprocessedQueries/Screen-4/Preprocessed_with_GUI_States/replaced_query/bug_report_8.txt,0.15938277542591095
/Users/junayed/Documents/NecessaryDocs/GeorgeMasonUniversity/Research/Projects/BugLocalization/Backup/CodeUnused/BuggyProjects/bug-8/app/src/main/java/de/koelle/christian/common/json/AsyncJsonParser.java,../data/PreprocessedData/PreprocessedQueries/Screen-4/Preprocessed_with_GUI_States/replaced_query/bug_report_8.txt,0.07585050910711288
/Users/junayed/Documents/NecessaryDocs/GeorgeMasonUniversity/Research/Projects/BugLocalization/Backup/CodeUnused/BuggyProjects/bug-8/app/src/main/java/de/koelle/christian/common/support/DimensionSupport.java,../data/PreprocessedData/PreprocessedQueries/Screen-4/Preprocessed_with_GUI_States/replaced_query/bug_report_8.txt,0.029475102201104164
/Users/junayed/Documents/NecessaryDocs/GeorgeMasonUniversity/Research/Projects/BugLocalization/Backup/CodeUnused/BuggyProjects/bug-8/app/src/main/java/de/koelle/christian/common/utils/SystemUtil.java,../data/PreprocessedData/PreprocessedQueries/Screen-4/Preprocessed_with_GUI_States/replaced_query/bug_report_8.txt,0.11111202090978622
/Users/junayed/Documents/NecessaryDocs/GeorgeMasonUniversity/Research/Projects/BugLocalization/Backup/CodeUnused/BuggyProjects/bug-8/app/src/main/java/de/koelle/christian/common/utils/UiUtils.java,../data/PreprocessedData/PreprocessedQueries/Screen-4/Preprocessed_with_GUI_States/replaced_query/bug_report_8.txt,0
/Users/junayed/Documents/NecessaryDocs/GeorgeMasonUniversity/Research/Projects/BugLocalization/Backup/CodeUnused/BuggyProjects/bug-8/app/src/main/java/de/koelle/christian/common/utils/CurrencyUtil.java,../data/PreprocessedData/PreprocessedQueries/Screen-4/Preprocessed_with_GUI_States/replaced_query/bug_report_8.txt,0.11685987561941147
/Users/junayed/Documents/NecessaryDocs/GeorgeMasonUniversity/Research/Projects/BugLocalization/Backup/CodeUnused/BuggyProjects/bug-8/app/src/main/java/de/koelle/christian/common/utils/FileUtils.java,../data/PreprocessedData/PreprocessedQueries/Screen-4/Preprocessed_with_GUI_States/replaced_query/bug_report_8.txt,0.10933402925729752
/Users/junayed/Documents/NecessaryDocs/GeorgeMasonUniversity/Research/Projects/BugLocalization/Backup/CodeUnused/BuggyProjects/bug-8/app/src/main/java/de/koelle/christian/trickytripper/provider/TrickyTripperFileProvider.java,../data/PreprocessedData/PreprocessedQueries/Screen-4/Preprocessed_with_GUI_States/replaced_query/bug_report_8.txt,0.1419663280248642
/Users/junayed/Documents/NecessaryDocs/GeorgeMasonUniversity/Research/Projects/BugLocalization/Backup/CodeUnused/BuggyProjects/bug-8/app/src/main/java/de/koelle/christian/trickytripper/decoupling/PrefsResolver.java,../data/PreprocessedData/PreprocessedQueries/Screen-4/Preprocessed_with_GUI_States/replaced_query/bug_report_8.txt,0.12620651721954346
/Users/junayed/Documents/NecessaryDocs/GeorgeMasonUniversity/Research/Projects/BugLocalization/Backup/CodeUnused/BuggyProjects/bug-8/app/src/main/java/de/koelle/christian/trickytripper/decoupling/impl/ResourceResolverImpl.java,../data/PreprocessedData/PreprocessedQueries/Screen-4/Preprocessed_with_GUI_States/replaced_query/bug_report_8.txt,0.18050681054592133
/Users/junayed/Documents/NecessaryDocs/GeorgeMasonUniversity/Research/Projects/BugLocalization/Backup/CodeUnused/BuggyProjects/bug-8/app/src/main/java/de/koelle/christian/trickytripper/ui/view/CheckableLinearLayout.java,../data/PreprocessedData/PreprocessedQueries/Screen-4/Preprocessed_with_GUI_States/replaced_query/bug_report_8.txt,0.19304978847503662
/Users/junayed/Documents/NecessaryDocs/GeorgeMasonUniversity/Research/Projects/BugLocalization/Backup/CodeUnused/BuggyProjects/bug-8/app/src/main/java/de/koelle/christian/trickytripper/ui/utils/ExchangeRateDescriptionUtils.java,../data/PreprocessedData/PreprocessedQueries/Screen-4/Preprocessed_with_GUI_States/replaced_query/bug_report_8.txt,0.1573355793952942
/Users/junayed/Documents/NecessaryDocs/GeorgeMasonUniversity/Research/Projects/BugLocalization/Backup/CodeUnused/BuggyProjects/bug-8/app/src/main/java/de/koelle/christian/trickytripper/exchangerates/impl/AsyncExchangeRateJsonResolverGoogleImpl.java,../data/PreprocessedData/PreprocessedQueries/Screen-4/Preprocessed_with_GUI_States/replaced_query/bug_report_8.txt,0.09816835075616837
/Users/junayed/Documents/NecessaryDocs/GeorgeMasonUniversity/Research/Projects/BugLocalization/Backup/CodeUnused/BuggyProjects/bug-8/app/src/main/java/de/koelle/christian/trickytripper/exchangerates/impl/AsyncExchangeRateHttpResolverGoogleImpl.java,../data/PreprocessedData/PreprocessedQueries/Screen-4/Preprocessed_with_GUI_States/replaced_query/bug_report_8.txt,0.11689294129610062
/Users/junayed/Documents/NecessaryDocs/GeorgeMasonUniversity/Research/Projects/BugLocalization/Backup/CodeUnused/BuggyProjects/bug-8/app/src/main/java/de/koelle/christian/trickytripper/dataaccess/PhoneContactResolver.java,../data/PreprocessedData/PreprocessedQueries/Screen-4/Preprocessed_with_GUI_States/replaced_query/bug_report_8.txt,0.1450747400522232
/Users/junayed/Documents/NecessaryDocs/GeorgeMasonUniversity/Research/Projects/BugLocalization/Backup/CodeUnused/BuggyProjects/bug-8/app/src/main/java/de/koelle/christian/trickytripper/dataaccess/impl/OpenHelper.java,../data/PreprocessedData/PreprocessedQueries/Screen-4/Preprocessed_with_GUI_States/replaced_query/bug_report_8.txt,0.2186335027217865
/Users/junayed/Documents/NecessaryDocs/GeorgeMasonUniversity/Research/Projects/BugLocalization/Backup/CodeUnused/BuggyProjects/bug-8/app/src/main/java/de/koelle/christian/trickytripper/dataaccess/impl/DataManagerImpl.java,../data/PreprocessedData/PreprocessedQueries/Screen-4/Preprocessed_with_GUI_States/replaced_query/bug_report_8.txt,0.36788055300712585
/Users/junayed/Documents/NecessaryDocs/GeorgeMasonUniversity/Research/Projects/BugLocalization/Backup/CodeUnused/BuggyProjects/bug-8/app/src/main/java/de/koelle/christian/trickytripper/dataaccess/impl/daos/ExchangeRateDao.java,../data/PreprocessedData/PreprocessedQueries/Screen-4/Preprocessed_with_GUI_States/replaced_query/bug_report_8.txt,0.10663554817438126
/Users/junayed/Documents/NecessaryDocs/GeorgeMasonUniversity/Research/Projects/BugLocalization/Backup/CodeUnused/BuggyProjects/bug-8/app/src/main/java/de/koelle/christian/trickytripper/dataaccess/impl/daos/ParticipantDao.java,../data/PreprocessedData/PreprocessedQueries/Screen-4/Preprocessed_with_GUI_States/replaced_query/bug_report_8.txt,0.26029905676841736
/Users/junayed/Documents/NecessaryDocs/GeorgeMasonUniversity/Research/Projects/BugLocalization/Backup/CodeUnused/BuggyProjects/bug-8/app/src/main/java/de/koelle/christian/trickytripper/dataaccess/impl/daos/TripDao.java,../data/PreprocessedData/PreprocessedQueries/Screen-4/Preprocessed_with_GUI_States/replaced_query/bug_report_8.txt,0.2577570378780365
/Users/junayed/Documents/NecessaryDocs/GeorgeMasonUniversity/Research/Projects/BugLocalization/Backup/CodeUnused/BuggyProjects/bug-8/app/src/main/java/de/koelle/christian/trickytripper/dataaccess/impl/daos/PaymentDao.java,../data/PreprocessedData/PreprocessedQueries/Screen-4/Preprocessed_with_GUI_States/replaced_query/bug_report_8.txt,0.20072421431541443
/Users/junayed/Documents/NecessaryDocs/GeorgeMasonUniversity/Research/Projects/BugLocalization/Backup/CodeUnused/BuggyProjects/bug-8/app/src/main/java/de/koelle/christian/trickytripper/activities/PreferencesActivity.java,../data/PreprocessedData/PreprocessedQueries/Screen-4/Preprocessed_with_GUI_States/replaced_query/bug_report_8.txt,0.2968261241912842
/Users/junayed/Documents/NecessaryDocs/GeorgeMasonUniversity/Research/Projects/BugLocalization/Backup/CodeUnused/BuggyProjects/bug-8/app/src/main/java/de/koelle/christian/trickytripper/activities/SaveToSdCardActivity.java,../data/PreprocessedData/PreprocessedQueries/Screen-4/Preprocessed_with_GUI_States/replaced_query/bug_report_8.txt,0.242323637008667
/Users/junayed/Documents/NecessaryDocs/GeorgeMasonUniversity/Research/Projects/BugLocalization/Backup/CodeUnused/BuggyProjects/bug-8/app/src/main/java/de/koelle/christian/trickytripper/activities/ReportTabActivity.java,../data/PreprocessedData/PreprocessedQueries/Screen-4/Preprocessed_with_GUI_States/replaced_query/bug_report_8.txt,0.5239444971084595
/Users/junayed/Documents/NecessaryDocs/GeorgeMasonUniversity/Research/Projects/BugLocalization/Backup/CodeUnused/BuggyProjects/bug-8/app/src/main/java/de/koelle/christian/trickytripper/activities/CurrencyCalculatorActivity.java,../data/PreprocessedData/PreprocessedQueries/Screen-4/Preprocessed_with_GUI_States/replaced_query/bug_report_8.txt,0.269441157579422
/Users/junayed/Documents/NecessaryDocs/GeorgeMasonUniversity/Research/Projects/BugLocalization/Backup/CodeUnused/BuggyProjects/bug-8/app/src/main/java/de/koelle/christian/trickytripper/activities/ParticipantTabActivity.java,../data/PreprocessedData/PreprocessedQueries/Screen-4/Preprocessed_with_GUI_States/replaced_query/bug_report_8.txt,0.4879721403121948
/Users/junayed/Documents/NecessaryDocs/GeorgeMasonUniversity/Research/Projects/BugLocalization/Backup/CodeUnused/BuggyProjects/bug-8/app/src/main/java/de/koelle/christian/trickytripper/activities/ParticipantSelectionActivity.java,../data/PreprocessedData/PreprocessedQueries/Screen-4/Preprocessed_with_GUI_States/replaced_query/bug_report_8.txt,0.2843949794769287
/Users/junayed/Documents/NecessaryDocs/GeorgeMasonUniversity/Research/Projects/BugLocalization/Backup/CodeUnused/BuggyProjects/bug-8/app/src/main/java/de/koelle/christian/trickytripper/activities/ExchangeRateImportActivity.java,../data/PreprocessedData/PreprocessedQueries/Screen-4/Preprocessed_with_GUI_States/replaced_query/bug_report_8.txt,0.2682952284812927
/Users/junayed/Documents/NecessaryDocs/GeorgeMasonUniversity/Research/Projects/BugLocalization/Backup/CodeUnused/BuggyProjects/bug-8/app/src/main/java/de/koelle/christian/trickytripper/activities/MoneyTransferActivity.java,../data/PreprocessedData/PreprocessedQueries/Screen-4/Preprocessed_with_GUI_States/replaced_query/bug_report_8.txt,0.30574601888656616
/Users/junayed/Documents/NecessaryDocs/GeorgeMasonUniversity/Research/Projects/BugLocalization/Backup/CodeUnused/BuggyProjects/bug-8/app/src/main/java/de/koelle/christian/trickytripper/activities/CurrencySelectionActivity.java,../data/PreprocessedData/PreprocessedQueries/Screen-4/Preprocessed_with_GUI_States/replaced_query/bug_report_8.txt,0.25165849924087524
/Users/junayed/Documents/NecessaryDocs/GeorgeMasonUniversity/Research/Projects/BugLocalization/Backup/CodeUnused/BuggyProjects/bug-8/app/src/main/java/de/koelle/christian/trickytripper/activities/ExportActivity.java,../data/PreprocessedData/PreprocessedQueries/Screen-4/Preprocessed_with_GUI_States/replaced_query/bug_report_8.txt,0.32364481687545776
/Users/junayed/Documents/NecessaryDocs/GeorgeMasonUniversity/Research/Projects/BugLocalization/Backup/CodeUnused/BuggyProjects/bug-8/app/src/main/java/de/koelle/christian/trickytripper/dialogs/HelpDialogFragment.java,../data/PreprocessedData/PreprocessedQueries/Screen-4/Preprocessed_with_GUI_States/replaced_query/bug_report_8.txt,0.3385368883609772
/Users/junayed/Documents/NecessaryDocs/GeorgeMasonUniversity/Research/Projects/BugLocalization/Backup/CodeUnused/BuggyProjects/bug-8/app/src/main/java/de/koelle/christian/trickytripper/dialogs/PermissionRationaleDialog.java,../data/PreprocessedData/PreprocessedQueries/Screen-4/Preprocessed_with_GUI_States/replaced_query/bug_report_8.txt,0.23618240654468536
/Users/junayed/Documents/NecessaryDocs/GeorgeMasonUniversity/Research/Projects/BugLocalization/Backup/CodeUnused/BuggyProjects/bug-8/app/src/main/java/de/koelle/christian/trickytripper/dialogs/DeleteDialogFragment.java,../data/PreprocessedData/PreprocessedQueries/Screen-4/Preprocessed_with_GUI_States/replaced_query/bug_report_8.txt,0.2345675230026245
/Users/junayed/Documents/NecessaryDocs/GeorgeMasonUniversity/Research/Projects/BugLocalization/Backup/CodeUnused/BuggyProjects/bug-8/app/src/main/java/de/koelle/christian/trickytripper/dialogs/DatePickerDialogFragment.java,../data/PreprocessedData/PreprocessedQueries/Screen-4/Preprocessed_with_GUI_States/replaced_query/bug_report_8.txt,0.19240868091583252
/Users/junayed/Documents/NecessaryDocs/GeorgeMasonUniversity/Research/Projects/BugLocalization/Backup/CodeUnused/BuggyProjects/bug-8/app/src/main/java/de/koelle/christian/trickytripper/export/StreamSender.java,../data/PreprocessedData/PreprocessedQueries/Screen-4/Preprocessed_with_GUI_States/replaced_query/bug_report_8.txt,0.24793609976768494
/Users/junayed/Documents/NecessaryDocs/GeorgeMasonUniversity/Research/Projects/BugLocalization/Backup/CodeUnused/BuggyProjects/bug-8/app/src/main/java/de/koelle/christian/trickytripper/export/impl/StreamSenderImpl.java,../data/PreprocessedData/PreprocessedQueries/Screen-4/Preprocessed_with_GUI_States/replaced_query/bug_report_8.txt,0.2156556248664856
/Users/junayed/Documents/NecessaryDocs/GeorgeMasonUniversity/Research/Projects/BugLocalization/Backup/CodeUnused/BuggyProjects/bug-8/app/src/main/java/de/koelle/christian/trickytripper/export/impl/ExporterImpl.java,../data/PreprocessedData/PreprocessedQueries/Screen-4/Preprocessed_with_GUI_States/replaced_query/bug_report_8.txt,0.230023592710495
/Users/junayed/Documents/NecessaryDocs/GeorgeMasonUniversity/Research/Projects/BugLocalization/Backup/CodeUnused/BuggyProjects/bug-8/app/src/main/java/de/koelle/christian/trickytripper/export/impl/model/ReportAsciTableUtils.java,../data/PreprocessedData/PreprocessedQueries/Screen-4/Preprocessed_with_GUI_States/replaced_query/bug_report_8.txt,0.1044137254357338
/Users/junayed/Documents/NecessaryDocs/GeorgeMasonUniversity/Research/Projects/BugLocalization/Backup/CodeUnused/BuggyProjects/bug-8/app/src/main/java/de/koelle/christian/trickytripper/export/impl/model/ReportAsciTableLayoutTableRow.java,../data/PreprocessedData/PreprocessedQueries/Screen-4/Preprocessed_with_GUI_States/replaced_query/bug_report_8.txt,0.038156259804964066
/Users/junayed/Documents/NecessaryDocs/GeorgeMasonUniversity/Research/Projects/BugLocalization/Backup/CodeUnused/BuggyProjects/bug-8/app/src/main/java/de/koelle/christian/trickytripper/export/impl/content/TransferTableExporter.java,../data/PreprocessedData/PreprocessedQueries/Screen-4/Preprocessed_with_GUI_States/replaced_query/bug_report_8.txt,0.16763924062252045
/Users/junayed/Documents/NecessaryDocs/GeorgeMasonUniversity/Research/Projects/BugLocalization/Backup/CodeUnused/BuggyProjects/bug-8/app/src/main/java/de/koelle/christian/trickytripper/export/impl/content/PaymentTableExporter.java,../data/PreprocessedData/PreprocessedQueries/Screen-4/Preprocessed_with_GUI_States/replaced_query/bug_report_8.txt,0.1879280060529709
/Users/junayed/Documents/NecessaryDocs/GeorgeMasonUniversity/Research/Projects/BugLocalization/Backup/CodeUnused/BuggyProjects/bug-8/app/src/main/java/de/koelle/christian/trickytripper/export/impl/content/DebtTableExporter.java,../data/PreprocessedData/PreprocessedQueries/Screen-4/Preprocessed_with_GUI_States/replaced_query/bug_report_8.txt,0.18230471014976501
/Users/junayed/Documents/NecessaryDocs/GeorgeMasonUniversity/Research/Projects/BugLocalization/Backup/CodeUnused/BuggyProjects/bug-8/app/src/main/java/de/koelle/christian/trickytripper/export/impl/content/SpendingTableExporter.java,../data/PreprocessedData/PreprocessedQueries/Screen-4/Preprocessed_with_GUI_States/replaced_query/bug_report_8.txt,0.2767122983932495
/Users/junayed/Documents/NecessaryDocs/GeorgeMasonUniversity/Research/Projects/BugLocalization/Backup/CodeUnused/BuggyProjects/bug-8/app/src/main/java/de/koelle/christian/trickytripper/export/impl/content/TableExporterUtils.java,../data/PreprocessedData/PreprocessedQueries/Screen-4/Preprocessed_with_GUI_States/replaced_query/bug_report_8.txt,0.2010204792022705
/Users/junayed/Documents/NecessaryDocs/GeorgeMasonUniversity/Research/Projects/BugLocalization/Backup/CodeUnused/BuggyProjects/bug-8/app/src/main/java/de/koelle/christian/trickytripper/constants/Rc.java,../data/PreprocessedData/PreprocessedQueries/Screen-4/Preprocessed_with_GUI_States/replaced_query/bug_report_8.txt,0.24161532521247864
/Users/junayed/Documents/NecessaryDocs/GeorgeMasonUniversity/Research/Projects/BugLocalization/Backup/CodeUnused/BuggyProjects/bug-8/app/src/main/java/de/koelle/christian/trickytripper/modelutils/AmountViewUtils.java,../data/PreprocessedData/PreprocessedQueries/Screen-4/Preprocessed_with_GUI_States/replaced_query/bug_report_8.txt,0.15717534720897675
/Users/junayed/Documents/NecessaryDocs/GeorgeMasonUniversity/Research/Projects/BugLocalization/Backup/CodeUnused/BuggyProjects/bug-8/app/src/main/java/de/koelle/christian/trickytripper/model/modelAdapter/ExchangeRateRowListAdapter.java,../data/PreprocessedData/PreprocessedQueries/Screen-4/Preprocessed_with_GUI_States/replaced_query/bug_report_8.txt,0.12643477320671082
/Users/junayed/Documents/NecessaryDocs/GeorgeMasonUniversity/Research/Projects/BugLocalization/Backup/CodeUnused/BuggyProjects/bug-8/app/src/main/java/de/koelle/christian/trickytripper/model/modelAdapter/TripSummarySymbolResolvingDelegator.java,../data/PreprocessedData/PreprocessedQueries/Screen-4/Preprocessed_with_GUI_States/replaced_query/bug_report_8.txt,0.23352928459644318
/Users/junayed/Documents/NecessaryDocs/GeorgeMasonUniversity/Research/Projects/BugLocalization/Backup/CodeUnused/BuggyProjects/bug-8/app/src/main/java/de/koelle/christian/trickytripper/model/modelAdapter/ReportParticipantSpinnerAdapter.java,../data/PreprocessedData/PreprocessedQueries/Screen-4/Preprocessed_with_GUI_States/replaced_query/bug_report_8.txt,0.20362961292266846
/Users/junayed/Documents/NecessaryDocs/GeorgeMasonUniversity/Research/Projects/BugLocalization/Backup/CodeUnused/BuggyProjects/bug-8/app/src/main/java/de/koelle/christian/trickytripper/model/modelAdapter/PaymentRowListAdapter.java,../data/PreprocessedData/PreprocessedQueries/Screen-4/Preprocessed_with_GUI_States/replaced_query/bug_report_8.txt,0.20570454001426697
/Users/junayed/Documents/NecessaryDocs/GeorgeMasonUniversity/Research/Projects/BugLocalization/Backup/CodeUnused/BuggyProjects/bug-8/app/src/main/java/de/koelle/christian/trickytripper/model/modelAdapter/CurrencyExpandableListAdapter.java,../data/PreprocessedData/PreprocessedQueries/Screen-4/Preprocessed_with_GUI_States/replaced_query/bug_report_8.txt,0.15491613745689392
/Users/junayed/Documents/NecessaryDocs/GeorgeMasonUniversity/Research/Projects/BugLocalization/Backup/CodeUnused/BuggyProjects/bug-8/app/src/main/java/de/koelle/christian/trickytripper/model/modelAdapter/ParticipantRowListAdapter.java,../data/PreprocessedData/PreprocessedQueries/Screen-4/Preprocessed_with_GUI_States/replaced_query/bug_report_8.txt,0.18135175108909607
/Users/junayed/Documents/NecessaryDocs/GeorgeMasonUniversity/Research/Projects/BugLocalization/Backup/CodeUnused/BuggyProjects/bug-8/app/src/main/java/de/koelle/christian/trickytripper/activitysupport/CurrencyViewSupport.java,../data/PreprocessedData/PreprocessedQueries/Screen-4/Preprocessed_with_GUI_States/replaced_query/bug_report_8.txt,0.17231996357440948
/Users/junayed/Documents/NecessaryDocs/GeorgeMasonUniversity/Research/Projects/BugLocalization/Backup/CodeUnused/BuggyProjects/bug-8/app/src/main/java/de/koelle/christian/trickytripper/activitysupport/CurrencyCalculatorResultSupport.java,../data/PreprocessedData/PreprocessedQueries/Screen-4/Preprocessed_with_GUI_States/replaced_query/bug_report_8.txt,0.2592495381832123
/Users/junayed/Documents/NecessaryDocs/GeorgeMasonUniversity/Research/Projects/BugLocalization/Backup/CodeUnused/BuggyProjects/bug-8/app/src/main/java/de/koelle/christian/trickytripper/activitysupport/DrawerSupport.java,../data/PreprocessedData/PreprocessedQueries/Screen-4/Preprocessed_with_GUI_States/replaced_query/bug_report_8.txt,0.2428949773311615
/Users/junayed/Documents/NecessaryDocs/GeorgeMasonUniversity/Research/Projects/BugLocalization/Backup/CodeUnused/BuggyProjects/bug-8/app/src/main/java/de/koelle/christian/trickytripper/activitysupport/MainPagerAdapter.java,../data/PreprocessedData/PreprocessedQueries/Screen-4/Preprocessed_with_GUI_States/replaced_query/bug_report_8.txt,0.27958786487579346
/Users/junayed/Documents/NecessaryDocs/GeorgeMasonUniversity/Research/Projects/BugLocalization/Backup/CodeUnused/BuggyProjects/bug-8/app/src/main/java/de/koelle/christian/trickytripper/activitysupport/CurrencySelectionResultSupport.java,../data/PreprocessedData/PreprocessedQueries/Screen-4/Preprocessed_with_GUI_States/replaced_query/bug_report_8.txt,0.26119154691696167
/Users/junayed/Documents/NecessaryDocs/GeorgeMasonUniversity/Research/Projects/BugLocalization/Backup/CodeUnused/BuggyProjects/bug-8/app/src/main/java/de/koelle/christian/trickytripper/activitysupport/ImportOptionSupport.java,../data/PreprocessedData/PreprocessedQueries/Screen-4/Preprocessed_with_GUI_States/replaced_query/bug_report_8.txt,0.2820461690425873
/Users/junayed/Documents/NecessaryDocs/GeorgeMasonUniversity/Research/Projects/BugLocalization/Backup/CodeUnused/BuggyProjects/bug-8/app/src/main/java/de/koelle/christian/trickytripper/activitysupport/SpinnerViewSupport.java,../data/PreprocessedData/PreprocessedQueries/Screen-4/Preprocessed_with_GUI_States/replaced_query/bug_report_8.txt,0.2687746286392212
/Users/junayed/Documents/NecessaryDocs/GeorgeMasonUniversity/Research/Projects/BugLocalization/Backup/CodeUnused/BuggyProjects/bug-8/app/src/main/java/de/koelle/christian/trickytripper/controller/impl/ExportControllerImpl.java,../data/PreprocessedData/PreprocessedQueries/Screen-4/Preprocessed_with_GUI_States/replaced_query/bug_report_8.txt,0.23950308561325073
/Users/junayed/Documents/NecessaryDocs/GeorgeMasonUniversity/Research/Projects/BugLocalization/Backup/CodeUnused/BuggyProjects/bug-8/app/src/main/java/de/koelle/christian/trickytripper/controller/impl/ViewControllerImpl.java,../data/PreprocessedData/PreprocessedQueries/Screen-4/Preprocessed_with_GUI_States/replaced_query/bug_report_8.txt,0.34461522102355957
/Users/junayed/Documents/NecessaryDocs/GeorgeMasonUniversity/Research/Projects/BugLocalization/Backup/CodeUnused/BuggyProjects/bug-8/app/src/main/java/de/koelle/christian/trickytripper/controller/impl/TripControllerImpl.java,../data/PreprocessedData/PreprocessedQueries/Screen-4/Preprocessed_with_GUI_States/replaced_query/bug_report_8.txt,0.3548873960971832
/Users/junayed/Documents/NecessaryDocs/GeorgeMasonUniversity/Research/Projects/BugLocalization/Backup/CodeUnused/BuggyProjects/bug-8/app/src/main/java/de/koelle/christian/trickytripper/controller/impl/MiscControllerImpl.java,../data/PreprocessedData/PreprocessedQueries/Screen-4/Preprocessed_with_GUI_States/replaced_query/bug_report_8.txt,0.22678783535957336
/Users/junayed/Documents/NecessaryDocs/GeorgeMasonUniversity/Research/Projects/BugLocalization/Backup/CodeUnused/BuggyProjects/bug-8/app/src/main/java/de/koelle/christian/trickytripper/apputils/PrefAccessor.java,../data/PreprocessedData/PreprocessedQueries/Screen-4/Preprocessed_with_GUI_States/replaced_query/bug_report_8.txt,0.16264969110488892
/Users/junayed/Documents/NecessaryDocs/GeorgeMasonUniversity/Research/Projects/BugLocalization/Backup/CodeUnused/BuggyProjects/bug-8/app/src/main/java/de/koelle/christian/trickytripper/apputils/PrefWriterReaderUtils.java,../data/PreprocessedData/PreprocessedQueries/Screen-4/Preprocessed_with_GUI_States/replaced_query/bug_report_8.txt,0.15612339973449707
/Users/junayed/Documents/NecessaryDocs/GeorgeMasonUniversity/Research/Projects/BugLocalization/Backup/CodeUnused/BuggyProjects/bug-8/app/src/test/java/de/koelle/christian/trickytripper/export/impl/ExporterImplTest.java,../data/PreprocessedData/PreprocessedQueries/Screen-4/Preprocessed_with_GUI_States/replaced_query/bug_report_8.txt,0.2650989890098572
/Users/junayed/Documents/NecessaryDocs/GeorgeMasonUniversity/Research/Projects/BugLocalization/Backup/CodeUnused/BuggyProjects/bug-8/app/src/main/java/de/koelle/christian/common/primitives/DivisionResult.java,../data/PreprocessedData/PreprocessedQueries/Screen-4/Preprocessed_with_GUI_States/replaced_query/bug_report_8.txt,0
/Users/junayed/Documents/NecessaryDocs/GeorgeMasonUniversity/Research/Projects/BugLocalization/Backup/CodeUnused/BuggyProjects/bug-8/app/src/main/java/de/koelle/christian/common/http/AsyncHttpParserResultCallback.java,../data/PreprocessedData/PreprocessedQueries/Screen-4/Preprocessed_with_GUI_States/replaced_query/bug_report_8.txt,0.044271063059568405
/Users/junayed/Documents/NecessaryDocs/GeorgeMasonUniversity/Research/Projects/BugLocalization/Backup/CodeUnused/BuggyProjects/bug-8/app/src/main/java/de/koelle/christian/common/ascii/AsciToStringHelper.java,../data/PreprocessedData/PreprocessedQueries/Screen-4/Preprocessed_with_GUI_States/replaced_query/bug_report_8.txt,0.027922868728637695
/Users/junayed/Documents/NecessaryDocs/GeorgeMasonUniversity/Research/Projects/BugLocalization/Backup/CodeUnused/BuggyProjects/bug-8/app/src/main/java/de/koelle/christian/common/ui/filter/DecimalNumberInputFilter.java,../data/PreprocessedData/PreprocessedQueries/Screen-4/Preprocessed_with_GUI_States/replaced_query/bug_report_8.txt,0.14417803287506104
/Users/junayed/Documents/NecessaryDocs/GeorgeMasonUniversity/Research/Projects/BugLocalization/Backup/CodeUnused/BuggyProjects/bug-8/app/src/main/java/de/koelle/christian/common/ui/filter/DecimalNumberInputUtil.java,../data/PreprocessedData/PreprocessedQueries/Screen-4/Preprocessed_with_GUI_States/replaced_query/bug_report_8.txt,0.1311078816652298
/Users/junayed/Documents/NecessaryDocs/GeorgeMasonUniversity/Research/Projects/BugLocalization/Backup/CodeUnused/BuggyProjects/bug-8/app/src/main/java/de/koelle/christian/common/ui/filter/DecimalNumberInputPatternMatcher.java,../data/PreprocessedData/PreprocessedQueries/Screen-4/Preprocessed_with_GUI_States/replaced_query/bug_report_8.txt,0.0999518483877182
/Users/junayed/Documents/NecessaryDocs/GeorgeMasonUniversity/Research/Projects/BugLocalization/Backup/CodeUnused/BuggyProjects/bug-8/app/src/main/java/de/koelle/christian/common/options/OptionConstraintsInflater.java,../data/PreprocessedData/PreprocessedQueries/Screen-4/Preprocessed_with_GUI_States/replaced_query/bug_report_8.txt,0.03373951464891434
/Users/junayed/Documents/NecessaryDocs/GeorgeMasonUniversity/Research/Projects/BugLocalization/Backup/CodeUnused/BuggyProjects/bug-8/app/src/main/java/de/koelle/christian/common/options/OptionsSupport.java,../data/PreprocessedData/PreprocessedQueries/Screen-4/Preprocessed_with_GUI_States/replaced_query/bug_report_8.txt,0.11810492724180222
/Users/junayed/Documents/NecessaryDocs/GeorgeMasonUniversity/Research/Projects/BugLocalization/Backup/CodeUnused/BuggyProjects/bug-8/app/src/main/java/de/koelle/christian/common/options/OptionConstraints.java,../data/PreprocessedData/PreprocessedQueries/Screen-4/Preprocessed_with_GUI_States/replaced_query/bug_report_8.txt,0.15169934928417206
/Users/junayed/Documents/NecessaryDocs/GeorgeMasonUniversity/Research/Projects/BugLocalization/Backup/CodeUnused/BuggyProjects/bug-8/app/src/main/java/de/koelle/christian/common/json/AsyncJsonParserResultCallback.java,../data/PreprocessedData/PreprocessedQueries/Screen-4/Preprocessed_with_GUI_States/replaced_query/bug_report_8.txt,0.007003078702837229
/Users/junayed/Documents/NecessaryDocs/GeorgeMasonUniversity/Research/Projects/BugLocalization/Backup/CodeUnused/BuggyProjects/bug-8/app/src/main/java/de/koelle/christian/common/constants/Rglob.java,../data/PreprocessedData/PreprocessedQueries/Screen-4/Preprocessed_with_GUI_States/replaced_query/bug_report_8.txt,0.11486056447029114
/Users/junayed/Documents/NecessaryDocs/GeorgeMasonUniversity/Research/Projects/BugLocalization/Backup/CodeUnused/BuggyProjects/bug-8/app/src/main/java/de/koelle/christian/common/testsupport/TestDataFactory.java,../data/PreprocessedData/PreprocessedQueries/Screen-4/Preprocessed_with_GUI_States/replaced_query/bug_report_8.txt,0.26479607820510864
/Users/junayed/Documents/NecessaryDocs/GeorgeMasonUniversity/Research/Projects/BugLocalization/Backup/CodeUnused/BuggyProjects/bug-8/app/src/main/java/de/koelle/christian/common/testsupport/TestDataSet.java,../data/PreprocessedData/PreprocessedQueries/Screen-4/Preprocessed_with_GUI_States/replaced_query/bug_report_8.txt,0.0942360982298851
/Users/junayed/Documents/NecessaryDocs/GeorgeMasonUniversity/Research/Projects/BugLocalization/Backup/CodeUnused/BuggyProjects/bug-8/app/src/main/java/de/koelle/christian/common/testsupport/TransientDataHelper.java,../data/PreprocessedData/PreprocessedQueries/Screen-4/Preprocessed_with_GUI_States/replaced_query/bug_report_8.txt,0.2521003186702728
/Users/junayed/Documents/NecessaryDocs/GeorgeMasonUniversity/Research/Projects/BugLocalization/Backup/CodeUnused/BuggyProjects/bug-8/app/src/main/java/de/koelle/christian/common/text/BlankTextWatcher.java,../data/PreprocessedData/PreprocessedQueries/Screen-4/Preprocessed_with_GUI_States/replaced_query/bug_report_8.txt,0.05052439495921135
/Users/junayed/Documents/NecessaryDocs/GeorgeMasonUniversity/Research/Projects/BugLocalization/Backup/CodeUnused/BuggyProjects/bug-8/app/src/main/java/de/koelle/christian/common/utils/Assert.java,../data/PreprocessedData/PreprocessedQueries/Screen-4/Preprocessed_with_GUI_States/replaced_query/bug_report_8.txt,0.12425689399242401
/Users/junayed/Documents/NecessaryDocs/GeorgeMasonUniversity/Research/Projects/BugLocalization/Backup/CodeUnused/BuggyProjects/bug-8/app/src/main/java/de/koelle/christian/common/utils/Html.java,../data/PreprocessedData/PreprocessedQueries/Screen-4/Preprocessed_with_GUI_States/replaced_query/bug_report_8.txt,0
/Users/junayed/Documents/NecessaryDocs/GeorgeMasonUniversity/Research/Projects/BugLocalization/Backup/CodeUnused/BuggyProjects/bug-8/app/src/main/java/de/koelle/christian/common/utils/DateUtils.java,../data/PreprocessedData/PreprocessedQueries/Screen-4/Preprocessed_with_GUI_States/replaced_query/bug_report_8.txt,0.1388033777475357
/Users/junayed/Documents/NecessaryDocs/GeorgeMasonUniversity/Research/Projects/BugLocalization/Backup/CodeUnused/BuggyProjects/bug-8/app/src/main/java/de/koelle/christian/common/utils/ConversionUtils.java,../data/PreprocessedData/PreprocessedQueries/Screen-4/Preprocessed_with_GUI_States/replaced_query/bug_report_8.txt,0.036977414041757584
/Users/junayed/Documents/NecessaryDocs/GeorgeMasonUniversity/Research/Projects/BugLocalization/Backup/CodeUnused/BuggyProjects/bug-8/app/src/main/java/de/koelle/christian/common/utils/NumberUtils.java,../data/PreprocessedData/PreprocessedQueries/Screen-4/Preprocessed_with_GUI_States/replaced_query/bug_report_8.txt,0.13218916952610016
/Users/junayed/Documents/NecessaryDocs/GeorgeMasonUniversity/Research/Projects/BugLocalization/Backup/CodeUnused/BuggyProjects/bug-8/app/src/main/java/de/koelle/christian/common/utils/ObjectUtils.java,../data/PreprocessedData/PreprocessedQueries/Screen-4/Preprocessed_with_GUI_States/replaced_query/bug_report_8.txt,0.04430599510669708
/Users/junayed/Documents/NecessaryDocs/GeorgeMasonUniversity/Research/Projects/BugLocalization/Backup/CodeUnused/BuggyProjects/bug-8/app/src/main/java/de/koelle/christian/common/utils/StringUtils.java,../data/PreprocessedData/PreprocessedQueries/Screen-4/Preprocessed_with_GUI_States/replaced_query/bug_report_8.txt,0
/Users/junayed/Documents/NecessaryDocs/GeorgeMasonUniversity/Research/Projects/BugLocalization/Backup/CodeUnused/BuggyProjects/bug-8/app/src/main/java/de/koelle/christian/trickytripper/TrickyTripperApp.java,../data/PreprocessedData/PreprocessedQueries/Screen-4/Preprocessed_with_GUI_States/replaced_query/bug_report_8.txt,0.28682905435562134
/Users/junayed/Documents/NecessaryDocs/GeorgeMasonUniversity/Research/Projects/BugLocalization/Backup/CodeUnused/BuggyProjects/bug-8/app/src/main/java/de/koelle/christian/trickytripper/strategies/SumReport.java,../data/PreprocessedData/PreprocessedQueries/Screen-4/Preprocessed_with_GUI_States/replaced_query/bug_report_8.txt,0.2582840025424957
/Users/junayed/Documents/NecessaryDocs/GeorgeMasonUniversity/Research/Projects/BugLocalization/Backup/CodeUnused/BuggyProjects/bug-8/app/src/main/java/de/koelle/christian/trickytripper/strategies/SumAmountStrategy.java,../data/PreprocessedData/PreprocessedQueries/Screen-4/Preprocessed_with_GUI_States/replaced_query/bug_report_8.txt,0.19295890629291534
/Users/junayed/Documents/NecessaryDocs/GeorgeMasonUniversity/Research/Projects/BugLocalization/Backup/CodeUnused/BuggyProjects/bug-8/app/src/main/java/de/koelle/christian/trickytripper/strategies/TripReportLogic.java,../data/PreprocessedData/PreprocessedQueries/Screen-4/Preprocessed_with_GUI_States/replaced_query/bug_report_8.txt,0.21660660207271576
/Users/junayed/Documents/NecessaryDocs/GeorgeMasonUniversity/Research/Projects/BugLocalization/Backup/CodeUnused/BuggyProjects/bug-8/app/src/main/java/de/koelle/christian/trickytripper/strategies/impl/AbstractSumAmountStrategy.java,../data/PreprocessedData/PreprocessedQueries/Screen-4/Preprocessed_with_GUI_States/replaced_query/bug_report_8.txt,0.2495250105857849
/Users/junayed/Documents/NecessaryDocs/GeorgeMasonUniversity/Research/Projects/BugLocalization/Backup/CodeUnused/BuggyProjects/bug-8/app/src/main/java/de/koelle/christian/trickytripper/strategies/impl/SpendingSumAmountStrategy.java,../data/PreprocessedData/PreprocessedQueries/Screen-4/Preprocessed_with_GUI_States/replaced_query/bug_report_8.txt,0.25649040937423706
/Users/junayed/Documents/NecessaryDocs/GeorgeMasonUniversity/Research/Projects/BugLocalization/Backup/CodeUnused/BuggyProjects/bug-8/app/src/main/java/de/koelle/christian/trickytripper/strategies/impl/PaymentSumAmountStrategy.java,../data/PreprocessedData/PreprocessedQueries/Screen-4/Preprocessed_with_GUI_States/replaced_query/bug_report_8.txt,0.20456838607788086
/Users/junayed/Documents/NecessaryDocs/GeorgeMasonUniversity/Research/Projects/BugLocalization/Backup/CodeUnused/BuggyProjects/bug-8/app/src/main/java/de/koelle/christian/trickytripper/factories/AmountFactory.java,../data/PreprocessedData/PreprocessedQueries/Screen-4/Preprocessed_with_GUI_States/replaced_query/bug_report_8.txt,0.16070528328418732
/Users/junayed/Documents/NecessaryDocs/GeorgeMasonUniversity/Research/Projects/BugLocalization/Backup/CodeUnused/BuggyProjects/bug-8/app/src/main/java/de/koelle/christian/trickytripper/factories/ModelFactory.java,../data/PreprocessedData/PreprocessedQueries/Screen-4/Preprocessed_with_GUI_States/replaced_query/bug_report_8.txt,0.2672472894191742
/Users/junayed/Documents/NecessaryDocs/GeorgeMasonUniversity/Research/Projects/BugLocalization/Backup/CodeUnused/BuggyProjects/bug-8/app/src/main/java/de/koelle/christian/trickytripper/decoupling/ActivityResolver.java,../data/PreprocessedData/PreprocessedQueries/Screen-4/Preprocessed_with_GUI_States/replaced_query/bug_report_8.txt,0.4041425883769989
/Users/junayed/Documents/NecessaryDocs/GeorgeMasonUniversity/Research/Projects/BugLocalization/Backup/CodeUnused/BuggyProjects/bug-8/app/src/main/java/de/koelle/christian/trickytripper/decoupling/ResourceResolver.java,../data/PreprocessedData/PreprocessedQueries/Screen-4/Preprocessed_with_GUI_States/replaced_query/bug_report_8.txt,0.26394596695899963
/Users/junayed/Documents/NecessaryDocs/GeorgeMasonUniversity/Research/Projects/BugLocalization/Backup/CodeUnused/BuggyProjects/bug-8/app/src/main/java/de/koelle/christian/trickytripper/decoupling/impl/ActivityResolverImpl.java,../data/PreprocessedData/PreprocessedQueries/Screen-4/Preprocessed_with_GUI_States/replaced_query/bug_report_8.txt,0.34124672412872314
/Users/junayed/Documents/NecessaryDocs/GeorgeMasonUniversity/Research/Projects/BugLocalization/Backup/CodeUnused/BuggyProjects/bug-8/app/src/main/java/de/koelle/christian/trickytripper/ui/model/SpinnerObject.java,../data/PreprocessedData/PreprocessedQueries/Screen-4/Preprocessed_with_GUI_States/replaced_query/bug_report_8.txt,0.0837315246462822
/Users/junayed/Documents/NecessaryDocs/GeorgeMasonUniversity/Research/Projects/BugLocalization/Backup/CodeUnused/BuggyProjects/bug-8/app/src/main/java/de/koelle/christian/trickytripper/ui/model/DialogState.java,../data/PreprocessedData/PreprocessedQueries/Screen-4/Preprocessed_with_GUI_States/replaced_query/bug_report_8.txt,0.2471984475851059
/Users/junayed/Documents/NecessaryDocs/GeorgeMasonUniversity/Research/Projects/BugLocalization/Backup/CodeUnused/BuggyProjects/bug-8/app/src/main/java/de/koelle/christian/trickytripper/ui/model/RowObjectCallback.java,../data/PreprocessedData/PreprocessedQueries/Screen-4/Preprocessed_with_GUI_States/replaced_query/bug_report_8.txt,0.18929512798786163
/Users/junayed/Documents/NecessaryDocs/GeorgeMasonUniversity/Research/Projects/BugLocalization/Backup/CodeUnused/BuggyProjects/bug-8/app/src/main/java/de/koelle/christian/trickytripper/ui/model/RowObject.java,../data/PreprocessedData/PreprocessedQueries/Screen-4/Preprocessed_with_GUI_States/replaced_query/bug_report_8.txt,0.01527344435453415
/Users/junayed/Documents/NecessaryDocs/GeorgeMasonUniversity/Research/Projects/BugLocalization/Backup/CodeUnused/BuggyProjects/bug-8/app/src/main/java/de/koelle/christian/trickytripper/ui/model/ParticipantRow.java,../data/PreprocessedData/PreprocessedQueries/Screen-4/Preprocessed_with_GUI_States/replaced_query/bug_report_8.txt,0.1761569380760193
/Users/junayed/Documents/NecessaryDocs/GeorgeMasonUniversity/Research/Projects/BugLocalization/Backup/CodeUnused/BuggyProjects/bug-8/app/src/main/java/de/koelle/christian/trickytripper/ui/view/CheckableSupport.java,../data/PreprocessedData/PreprocessedQueries/Screen-4/Preprocessed_with_GUI_States/replaced_query/bug_report_8.txt,0.045423414558172226
/Users/junayed/Documents/NecessaryDocs/GeorgeMasonUniversity/Research/Projects/BugLocalization/Backup/CodeUnused/BuggyProjects/bug-8/app/src/main/java/de/koelle/christian/trickytripper/ui/utils/UiViewUtils.java,../data/PreprocessedData/PreprocessedQueries/Screen-4/Preprocessed_with_GUI_States/replaced_query/bug_report_8.txt,0.17796772718429565
/Users/junayed/Documents/NecessaryDocs/GeorgeMasonUniversity/Research/Projects/BugLocalization/Backup/CodeUnused/BuggyProjects/bug-8/app/src/main/java/de/koelle/christian/trickytripper/ui/utils/PrepareOptionsSupport.java,../data/PreprocessedData/PreprocessedQueries/Screen-4/Preprocessed_with_GUI_States/replaced_query/bug_report_8.txt,0.21665045619010925
/Users/junayed/Documents/NecessaryDocs/GeorgeMasonUniversity/Research/Projects/BugLocalization/Backup/CodeUnused/BuggyProjects/bug-8/app/src/main/java/de/koelle/christian/trickytripper/ui/utils/UiAmountViewUtils.java,../data/PreprocessedData/PreprocessedQueries/Screen-4/Preprocessed_with_GUI_States/replaced_query/bug_report_8.txt,0.16871847212314606
/Users/junayed/Documents/NecessaryDocs/GeorgeMasonUniversity/Research/Projects/BugLocalization/Backup/CodeUnused/BuggyProjects/bug-8/app/src/main/java/de/koelle/christian/trickytripper/exchangerates/ExchangeRateImporter.java,../data/PreprocessedData/PreprocessedQueries/Screen-4/Preprocessed_with_GUI_States/replaced_query/bug_report_8.txt,0.12683163583278656
/Users/junayed/Documents/NecessaryDocs/GeorgeMasonUniversity/Research/Projects/BugLocalization/Backup/CodeUnused/BuggyProjects/bug-8/app/src/main/java/de/koelle/christian/trickytripper/exchangerates/impl/AbstractExchangeRateResultExtractor.java,../data/PreprocessedData/PreprocessedQueries/Screen-4/Preprocessed_with_GUI_States/replaced_query/bug_report_8.txt,0.028038308024406433
/Users/junayed/Documents/NecessaryDocs/GeorgeMasonUniversity/Research/Projects/BugLocalization/Backup/CodeUnused/BuggyProjects/bug-8/app/src/main/java/de/koelle/christian/trickytripper/exchangerates/impl/ExchangeRateResultExtractorHttpGoogleImpl.java,../data/PreprocessedData/PreprocessedQueries/Screen-4/Preprocessed_with_GUI_States/replaced_query/bug_report_8.txt,0.03628479316830635
/Users/junayed/Documents/NecessaryDocs/GeorgeMasonUniversity/Research/Projects/BugLocalization/Backup/CodeUnused/BuggyProjects/bug-8/app/src/main/java/de/koelle/christian/trickytripper/exchangerates/impl/AsyncExchangeRateResolver.java,../data/PreprocessedData/PreprocessedQueries/Screen-4/Preprocessed_with_GUI_States/replaced_query/bug_report_8.txt,0.10540805011987686
/Users/junayed/Documents/NecessaryDocs/GeorgeMasonUniversity/Research/Projects/BugLocalization/Backup/CodeUnused/BuggyProjects/bug-8/app/src/main/java/de/koelle/christian/trickytripper/exchangerates/impl/ExchangeRateResultExtractor.java,../data/PreprocessedData/PreprocessedQueries/Screen-4/Preprocessed_with_GUI_States/replaced_query/bug_report_8.txt,0.1009155660867691
/Users/junayed/Documents/NecessaryDocs/GeorgeMasonUniversity/Research/Projects/BugLocalization/Backup/CodeUnused/BuggyProjects/bug-8/app/src/main/java/de/koelle/christian/trickytripper/exchangerates/impl/ExchangeRateResultExtractorJsonGoogleImpl.java,../data/PreprocessedData/PreprocessedQueries/Screen-4/Preprocessed_with_GUI_States/replaced_query/bug_report_8.txt,0.0540090911090374
/Users/junayed/Documents/NecessaryDocs/GeorgeMasonUniversity/Research/Projects/BugLocalization/Backup/CodeUnused/BuggyProjects/bug-8/app/src/main/java/de/koelle/christian/trickytripper/exchangerates/impl/ExchangeRateImporterImpl.java,../data/PreprocessedData/PreprocessedQueries/Screen-4/Preprocessed_with_GUI_States/replaced_query/bug_report_8.txt,0.10143305361270905
/Users/junayed/Documents/NecessaryDocs/GeorgeMasonUniversity/Research/Projects/BugLocalization/Backup/CodeUnused/BuggyProjects/bug-8/app/src/main/java/de/koelle/christian/trickytripper/exchangerates/impl/ExchangeRateImporterResultCallback.java,../data/PreprocessedData/PreprocessedQueries/Screen-4/Preprocessed_with_GUI_States/replaced_query/bug_report_8.txt,0.06429312378168106
/Users/junayed/Documents/NecessaryDocs/GeorgeMasonUniversity/Research/Projects/BugLocalization/Backup/CodeUnused/BuggyProjects/bug-8/app/src/main/java/de/koelle/christian/trickytripper/exchangerates/impl/ExchangeRateImporterResultContainer.java,../data/PreprocessedData/PreprocessedQueries/Screen-4/Preprocessed_with_GUI_States/replaced_query/bug_report_8.txt,0.08551261574029922
/Users/junayed/Documents/NecessaryDocs/GeorgeMasonUniversity/Research/Projects/BugLocalization/Backup/CodeUnused/BuggyProjects/bug-8/app/src/main/java/de/koelle/christian/trickytripper/exchangerates/impl/AsyncExchangeRateResolverResultCallback.java,../data/PreprocessedData/PreprocessedQueries/Screen-4/Preprocessed_with_GUI_States/replaced_query/bug_report_8.txt,0.11921465396881104
/Users/junayed/Documents/NecessaryDocs/GeorgeMasonUniversity/Research/Projects/BugLocalization/Backup/CodeUnused/BuggyProjects/bug-8/app/src/main/java/de/koelle/christian/trickytripper/dataaccess/DataManager.java,../data/PreprocessedData/PreprocessedQueries/Screen-4/Preprocessed_with_GUI_States/replaced_query/bug_report_8.txt,0.28272557258605957
/Users/junayed/Documents/NecessaryDocs/GeorgeMasonUniversity/Research/Projects/BugLocalization/Backup/CodeUnused/BuggyProjects/bug-8/app/src/main/java/de/koelle/christian/trickytripper/dataaccess/impl/DataConstants.java,../data/PreprocessedData/PreprocessedQueries/Screen-4/Preprocessed_with_GUI_States/replaced_query/bug_report_8.txt,0.16491881012916565
/Users/junayed/Documents/NecessaryDocs/GeorgeMasonUniversity/Research/Projects/BugLocalization/Backup/CodeUnused/BuggyProjects/bug-8/app/src/main/java/de/koelle/christian/trickytripper/dataaccess/impl/Dao.java,../data/PreprocessedData/PreprocessedQueries/Screen-4/Preprocessed_with_GUI_States/replaced_query/bug_report_8.txt,0.12620912492275238
/Users/junayed/Documents/NecessaryDocs/GeorgeMasonUniversity/Research/Projects/BugLocalization/Backup/CodeUnused/BuggyProjects/bug-8/app/src/main/java/de/koelle/christian/trickytripper/dataaccess/impl/daos/PaymentTable.java,../data/PreprocessedData/PreprocessedQueries/Screen-4/Preprocessed_with_GUI_States/replaced_query/bug_report_8.txt,0.1341589242219925
/Users/junayed/Documents/NecessaryDocs/GeorgeMasonUniversity/Research/Projects/BugLocalization/Backup/CodeUnused/BuggyProjects/bug-8/app/src/main/java/de/koelle/christian/trickytripper/dataaccess/impl/daos/ExchangeRateTable.java,../data/PreprocessedData/PreprocessedQueries/Screen-4/Preprocessed_with_GUI_States/replaced_query/bug_report_8.txt,0.06418778747320175
/Users/junayed/Documents/NecessaryDocs/GeorgeMasonUniversity/Research/Projects/BugLocalization/Backup/CodeUnused/BuggyProjects/bug-8/app/src/main/java/de/koelle/christian/trickytripper/dataaccess/impl/daos/ParticipantTable.java,../data/PreprocessedData/PreprocessedQueries/Screen-4/Preprocessed_with_GUI_States/replaced_query/bug_report_8.txt,0.294249564409256
/Users/junayed/Documents/NecessaryDocs/GeorgeMasonUniversity/Research/Projects/BugLocalization/Backup/CodeUnused/BuggyProjects/bug-8/app/src/main/java/de/koelle/christian/trickytripper/dataaccess/impl/daos/TripTable.java,../data/PreprocessedData/PreprocessedQueries/Screen-4/Preprocessed_with_GUI_States/replaced_query/bug_report_8.txt,0.2368222028017044
/Users/junayed/Documents/NecessaryDocs/GeorgeMasonUniversity/Research/Projects/BugLocalization/Backup/CodeUnused/BuggyProjects/bug-8/app/src/main/java/de/koelle/christian/trickytripper/dataaccess/impl/daos/ExchangeRatePrefTable.java,../data/PreprocessedData/PreprocessedQueries/Screen-4/Preprocessed_with_GUI_States/replaced_query/bug_report_8.txt,0.10454815626144409
/Users/junayed/Documents/NecessaryDocs/GeorgeMasonUniversity/Research/Projects/BugLocalization/Backup/CodeUnused/BuggyProjects/bug-8/app/src/main/java/de/koelle/christian/trickytripper/dataaccess/impl/daos/ExchangeRateUsedComparator.java,../data/PreprocessedData/PreprocessedQueries/Screen-4/Preprocessed_with_GUI_States/replaced_query/bug_report_8.txt,0.10681723803281784
/Users/junayed/Documents/NecessaryDocs/GeorgeMasonUniversity/Research/Projects/BugLocalization/Backup/CodeUnused/BuggyProjects/bug-8/app/src/main/java/de/koelle/christian/trickytripper/dataaccess/impl/daos/RelPaymentParticipantTable.java,../data/PreprocessedData/PreprocessedQueries/Screen-4/Preprocessed_with_GUI_States/replaced_query/bug_report_8.txt,0.12381099909543991
/Users/junayed/Documents/NecessaryDocs/GeorgeMasonUniversity/Research/Projects/BugLocalization/Backup/CodeUnused/BuggyProjects/bug-8/app/src/main/java/de/koelle/christian/trickytripper/dataaccess/impl/tecbeans/PaymentReference.java,../data/PreprocessedData/PreprocessedQueries/Screen-4/Preprocessed_with_GUI_States/replaced_query/bug_report_8.txt,0.22476807236671448
/Users/junayed/Documents/NecessaryDocs/GeorgeMasonUniversity/Research/Projects/BugLocalization/Backup/CodeUnused/BuggyProjects/bug-8/app/src/main/java/de/koelle/christian/trickytripper/dataaccess/impl/tecbeans/ParticipantReference.java,../data/PreprocessedData/PreprocessedQueries/Screen-4/Preprocessed_with_GUI_States/replaced_query/bug_report_8.txt,0.3342752456665039
/Users/junayed/Documents/NecessaryDocs/GeorgeMasonUniversity/Research/Projects/BugLocalization/Backup/CodeUnused/BuggyProjects/bug-8/app/src/main/java/de/koelle/christian/trickytripper/dataaccess/impl/tecbeans/PaymentParticipantRelationKey.java,../data/PreprocessedData/PreprocessedQueries/Screen-4/Preprocessed_with_GUI_States/replaced_query/bug_report_8.txt,0.16119752824306488
/Users/junayed/Documents/NecessaryDocs/GeorgeMasonUniversity/Research/Projects/BugLocalization/Backup/CodeUnused/BuggyProjects/bug-8/app/src/main/java/de/koelle/christian/trickytripper/activities/ParticipantSelectionFragment.java,../data/PreprocessedData/PreprocessedQueries/Screen-4/Preprocessed_with_GUI_States/replaced_query/bug_report_8.txt,0.35070091485977173
/Users/junayed/Documents/NecessaryDocs/GeorgeMasonUniversity/Research/Projects/BugLocalization/Backup/CodeUnused/BuggyProjects/bug-8/app/src/main/java/de/koelle/christian/trickytripper/activities/PaymentTabActivity.java,../data/PreprocessedData/PreprocessedQueries/Screen-4/Preprocessed_with_GUI_States/replaced_query/bug_report_8.txt,0.4191676378250122
/Users/junayed/Documents/NecessaryDocs/GeorgeMasonUniversity/Research/Projects/BugLocalization/Backup/CodeUnused/BuggyProjects/bug-8/app/src/main/java/de/koelle/christian/trickytripper/activities/ExchangeRateDeleteActivity.java,../data/PreprocessedData/PreprocessedQueries/Screen-4/Preprocessed_with_GUI_States/replaced_query/bug_report_8.txt,0.2765178382396698
/Users/junayed/Documents/NecessaryDocs/GeorgeMasonUniversity/Research/Projects/BugLocalization/Backup/CodeUnused/BuggyProjects/bug-8/app/src/main/java/de/koelle/christian/trickytripper/activities/ExchangeRateManageActivity.java,../data/PreprocessedData/PreprocessedQueries/Screen-4/Preprocessed_with_GUI_States/replaced_query/bug_report_8.txt,0.442473828792572
/Users/junayed/Documents/NecessaryDocs/GeorgeMasonUniversity/Research/Projects/BugLocalization/Backup/CodeUnused/BuggyProjects/bug-8/app/src/main/java/de/koelle/christian/trickytripper/export/Exporter.java,../data/PreprocessedData/PreprocessedQueries/Screen-4/Preprocessed_with_GUI_States/replaced_query/bug_report_8.txt,0.1996115744113922
/Users/junayed/Documents/NecessaryDocs/GeorgeMasonUniversity/Research/Projects/BugLocalization/Backup/CodeUnused/BuggyProjects/bug-8/app/src/main/java/de/koelle/christian/trickytripper/export/impl/StyleClass.java,../data/PreprocessedData/PreprocessedQueries/Screen-4/Preprocessed_with_GUI_States/replaced_query/bug_report_8.txt,0.09523090720176697
/Users/junayed/Documents/NecessaryDocs/GeorgeMasonUniversity/Research/Projects/BugLocalization/Backup/CodeUnused/BuggyProjects/bug-8/app/src/main/java/de/koelle/christian/trickytripper/export/impl/ExportCharResolver.java,../data/PreprocessedData/PreprocessedQueries/Screen-4/Preprocessed_with_GUI_States/replaced_query/bug_report_8.txt,0.10629484057426453
/Users/junayed/Documents/NecessaryDocs/GeorgeMasonUniversity/Research/Projects/BugLocalization/Backup/CodeUnused/BuggyProjects/bug-8/app/src/main/java/de/koelle/christian/trickytripper/export/impl/ExporterFileNameUtils.java,../data/PreprocessedData/PreprocessedQueries/Screen-4/Preprocessed_with_GUI_States/replaced_query/bug_report_8.txt,0.08711500465869904
/Users/junayed/Documents/NecessaryDocs/GeorgeMasonUniversity/Research/Projects/BugLocalization/Backup/CodeUnused/BuggyProjects/bug-8/app/src/main/java/de/koelle/christian/trickytripper/export/impl/res/TxtExportCharResolver.java,../data/PreprocessedData/PreprocessedQueries/Screen-4/Preprocessed_with_GUI_States/replaced_query/bug_report_8.txt,0.09834793210029602
/Users/junayed/Documents/NecessaryDocs/GeorgeMasonUniversity/Research/Projects/BugLocalization/Backup/CodeUnused/BuggyProjects/bug-8/app/src/main/java/de/koelle/christian/trickytripper/export/impl/res/CsvExportCharResolver.java,../data/PreprocessedData/PreprocessedQueries/Screen-4/Preprocessed_with_GUI_States/replaced_query/bug_report_8.txt,0.12427601963281631
/Users/junayed/Documents/NecessaryDocs/GeorgeMasonUniversity/Research/Projects/BugLocalization/Backup/CodeUnused/BuggyProjects/bug-8/app/src/main/java/de/koelle/christian/trickytripper/export/impl/model/ReportAsciTableHeadingCallback.java,../data/PreprocessedData/PreprocessedQueries/Screen-4/Preprocessed_with_GUI_States/replaced_query/bug_report_8.txt,0.221172496676445
/Users/junayed/Documents/NecessaryDocs/GeorgeMasonUniversity/Research/Projects/BugLocalization/Backup/CodeUnused/BuggyProjects/bug-8/app/src/main/java/de/koelle/christian/trickytripper/export/impl/model/ReportAsciTableWrapper.java,../data/PreprocessedData/PreprocessedQueries/Screen-4/Preprocessed_with_GUI_States/replaced_query/bug_report_8.txt,0.14846543967723846
/Users/junayed/Documents/NecessaryDocs/GeorgeMasonUniversity/Research/Projects/BugLocalization/Backup/CodeUnused/BuggyProjects/bug-8/app/src/main/java/de/koelle/christian/trickytripper/export/impl/model/ReportAsciTable.java,../data/PreprocessedData/PreprocessedQueries/Screen-4/Preprocessed_with_GUI_States/replaced_query/bug_report_8.txt,0.0159897617995739
/Users/junayed/Documents/NecessaryDocs/GeorgeMasonUniversity/Research/Projects/BugLocalization/Backup/CodeUnused/BuggyProjects/bug-8/app/src/main/java/de/koelle/christian/trickytripper/constants/Rd.java,../data/PreprocessedData/PreprocessedQueries/Screen-4/Preprocessed_with_GUI_States/replaced_query/bug_report_8.txt,0.15274931490421295
/Users/junayed/Documents/NecessaryDocs/GeorgeMasonUniversity/Research/Projects/BugLocalization/Backup/CodeUnused/BuggyProjects/bug-8/app/src/main/java/de/koelle/christian/trickytripper/constants/Rx.java,../data/PreprocessedData/PreprocessedQueries/Screen-4/Preprocessed_with_GUI_States/replaced_query/bug_report_8.txt,0.12495020776987076
/Users/junayed/Documents/NecessaryDocs/GeorgeMasonUniversity/Research/Projects/BugLocalization/Backup/CodeUnused/BuggyProjects/bug-8/app/src/main/java/de/koelle/christian/trickytripper/constants/ViewMode.java,../data/PreprocessedData/PreprocessedQueries/Screen-4/Preprocessed_with_GUI_States/replaced_query/bug_report_8.txt,0.21827451884746552
/Users/junayed/Documents/NecessaryDocs/GeorgeMasonUniversity/Research/Projects/BugLocalization/Backup/CodeUnused/BuggyProjects/bug-8/app/src/main/java/de/koelle/christian/trickytripper/constants/Rt.java,../data/PreprocessedData/PreprocessedQueries/Screen-4/Preprocessed_with_GUI_States/replaced_query/bug_report_8.txt,0.18278056383132935
/Users/junayed/Documents/NecessaryDocs/GeorgeMasonUniversity/Research/Projects/BugLocalization/Backup/CodeUnused/BuggyProjects/bug-8/app/src/main/java/de/koelle/christian/trickytripper/modelutils/CurrencyViewUtils.java,../data/PreprocessedData/PreprocessedQueries/Screen-4/Preprocessed_with_GUI_States/replaced_query/bug_report_8.txt,0.09611517190933228
/Users/junayed/Documents/NecessaryDocs/GeorgeMasonUniversity/Research/Projects/BugLocalization/Backup/CodeUnused/BuggyProjects/bug-8/app/src/main/java/de/koelle/christian/trickytripper/model/ResourceLabelAwareEnumeration.java,../data/PreprocessedData/PreprocessedQueries/Screen-4/Preprocessed_with_GUI_States/replaced_query/bug_report_8.txt,0.1232614815235138
/Users/junayed/Documents/NecessaryDocs/GeorgeMasonUniversity/Research/Projects/BugLocalization/Backup/CodeUnused/BuggyProjects/bug-8/app/src/main/java/de/koelle/christian/trickytripper/model/ImportSettings.java,../data/PreprocessedData/PreprocessedQueries/Screen-4/Preprocessed_with_GUI_States/replaced_query/bug_report_8.txt,0.0031471606343984604
/Users/junayed/Documents/NecessaryDocs/GeorgeMasonUniversity/Research/Projects/BugLocalization/Backup/CodeUnused/BuggyProjects/bug-8/app/src/main/java/de/koelle/christian/trickytripper/model/ExportSettings.java,../data/PreprocessedData/PreprocessedQueries/Screen-4/Preprocessed_with_GUI_States/replaced_query/bug_report_8.txt,0.14156872034072876
/Users/junayed/Documents/NecessaryDocs/GeorgeMasonUniversity/Research/Projects/BugLocalization/Backup/CodeUnused/BuggyProjects/bug-8/app/src/main/java/de/koelle/christian/trickytripper/model/CurrencyWithName.java,../data/PreprocessedData/PreprocessedQueries/Screen-4/Preprocessed_with_GUI_States/replaced_query/bug_report_8.txt,0.128808856010437
/Users/junayed/Documents/NecessaryDocs/GeorgeMasonUniversity/Research/Projects/BugLocalization/Backup/CodeUnused/BuggyProjects/bug-8/app/src/main/java/de/koelle/christian/trickytripper/model/Payment.java,../data/PreprocessedData/PreprocessedQueries/Screen-4/Preprocessed_with_GUI_States/replaced_query/bug_report_8.txt,0.20600420236587524
/Users/junayed/Documents/NecessaryDocs/GeorgeMasonUniversity/Research/Projects/BugLocalization/Backup/CodeUnused/BuggyProjects/bug-8/app/src/main/java/de/koelle/christian/trickytripper/model/Amount.java,../data/PreprocessedData/PreprocessedQueries/Screen-4/Preprocessed_with_GUI_States/replaced_query/bug_report_8.txt,0.10728335380554199
/Users/junayed/Documents/NecessaryDocs/GeorgeMasonUniversity/Research/Projects/BugLocalization/Backup/CodeUnused/BuggyProjects/bug-8/app/src/main/java/de/koelle/christian/trickytripper/model/HierarchicalCurrencyList.java,../data/PreprocessedData/PreprocessedQueries/Screen-4/Preprocessed_with_GUI_States/replaced_query/bug_report_8.txt,0.1504252701997757
/Users/junayed/Documents/NecessaryDocs/GeorgeMasonUniversity/Research/Projects/BugLocalization/Backup/CodeUnused/BuggyProjects/bug-8/app/src/main/java/de/koelle/christian/trickytripper/model/TripSummary.java,../data/PreprocessedData/PreprocessedQueries/Screen-4/Preprocessed_with_GUI_States/replaced_query/bug_report_8.txt,0.2278750240802765
/Users/junayed/Documents/NecessaryDocs/GeorgeMasonUniversity/Research/Projects/BugLocalization/Backup/CodeUnused/BuggyProjects/bug-8/app/src/main/java/de/koelle/christian/trickytripper/model/Trip.java,../data/PreprocessedData/PreprocessedQueries/Screen-4/Preprocessed_with_GUI_States/replaced_query/bug_report_8.txt,0.1927366405725479
/Users/junayed/Documents/NecessaryDocs/GeorgeMasonUniversity/Research/Projects/BugLocalization/Backup/CodeUnused/BuggyProjects/bug-8/app/src/main/java/de/koelle/christian/trickytripper/model/Participant.java,../data/PreprocessedData/PreprocessedQueries/Screen-4/Preprocessed_with_GUI_States/replaced_query/bug_report_8.txt,0.1682024896144867
/Users/junayed/Documents/NecessaryDocs/GeorgeMasonUniversity/Research/Projects/BugLocalization/Backup/CodeUnused/BuggyProjects/bug-8/app/src/main/java/de/koelle/christian/trickytripper/model/ImportOrigin.java,../data/PreprocessedData/PreprocessedQueries/Screen-4/Preprocessed_with_GUI_States/replaced_query/bug_report_8.txt,0.19851447641849518
/Users/junayed/Documents/NecessaryDocs/GeorgeMasonUniversity/Research/Projects/BugLocalization/Backup/CodeUnused/BuggyProjects/bug-8/app/src/main/java/de/koelle/christian/trickytripper/model/PaymentCategory.java,../data/PreprocessedData/PreprocessedQueries/Screen-4/Preprocessed_with_GUI_States/replaced_query/bug_report_8.txt,0.10116278380155563
/Users/junayed/Documents/NecessaryDocs/GeorgeMasonUniversity/Research/Projects/BugLocalization/Backup/CodeUnused/BuggyProjects/bug-8/app/src/main/java/de/koelle/christian/trickytripper/model/ExchangeRate.java,../data/PreprocessedData/PreprocessedQueries/Screen-4/Preprocessed_with_GUI_States/replaced_query/bug_report_8.txt,0.10101861506700516
/Users/junayed/Documents/NecessaryDocs/GeorgeMasonUniversity/Research/Projects/BugLocalization/Backup/CodeUnused/BuggyProjects/bug-8/app/src/main/java/de/koelle/christian/trickytripper/model/ExchangeRateSelection.java,../data/PreprocessedData/PreprocessedQueries/Screen-4/Preprocessed_with_GUI_States/replaced_query/bug_report_8.txt,0.11668603867292404
/Users/junayed/Documents/NecessaryDocs/GeorgeMasonUniversity/Research/Projects/BugLocalization/Backup/CodeUnused/BuggyProjects/bug-8/app/src/main/java/de/koelle/christian/trickytripper/model/PhoneContact.java,../data/PreprocessedData/PreprocessedQueries/Screen-4/Preprocessed_with_GUI_States/replaced_query/bug_report_8.txt,0.1412501335144043
/Users/junayed/Documents/NecessaryDocs/GeorgeMasonUniversity/Research/Projects/BugLocalization/Backup/CodeUnused/BuggyProjects/bug-8/app/src/main/java/de/koelle/christian/trickytripper/model/CurrenciesUsed.java,../data/PreprocessedData/PreprocessedQueries/Screen-4/Preprocessed_with_GUI_States/replaced_query/bug_report_8.txt,0.1557217538356781
/Users/junayed/Documents/NecessaryDocs/GeorgeMasonUniversity/Research/Projects/BugLocalization/Backup/CodeUnused/BuggyProjects/bug-8/app/src/main/java/de/koelle/christian/trickytripper/model/Debts.java,../data/PreprocessedData/PreprocessedQueries/Screen-4/Preprocessed_with_GUI_States/replaced_query/bug_report_8.txt,0.0877237543463707
/Users/junayed/Documents/NecessaryDocs/GeorgeMasonUniversity/Research/Projects/BugLocalization/Backup/CodeUnused/BuggyProjects/bug-8/app/src/main/java/de/koelle/christian/trickytripper/model/modelAdapter/PaymentInlineReport.java,../data/PreprocessedData/PreprocessedQueries/Screen-4/Preprocessed_with_GUI_States/replaced_query/bug_report_8.txt,0.1354990303516388
/Users/junayed/Documents/NecessaryDocs/GeorgeMasonUniversity/Research/Projects/BugLocalization/Backup/CodeUnused/BuggyProjects/bug-8/app/src/main/java/de/koelle/christian/trickytripper/model/modelAdapter/CurrencyGroupNamingCallback.java,../data/PreprocessedData/PreprocessedQueries/Screen-4/Preprocessed_with_GUI_States/replaced_query/bug_report_8.txt,0.25840869545936584
/Users/junayed/Documents/NecessaryDocs/GeorgeMasonUniversity/Research/Projects/BugLocalization/Backup/CodeUnused/BuggyProjects/bug-8/app/src/main/java/de/koelle/christian/trickytripper/model/utils/PaymentComparator.java,../data/PreprocessedData/PreprocessedQueries/Screen-4/Preprocessed_with_GUI_States/replaced_query/bug_report_8.txt,0.16476434469223022
/Users/junayed/Documents/NecessaryDocs/GeorgeMasonUniversity/Research/Projects/BugLocalization/Backup/CodeUnused/BuggyProjects/bug-8/app/src/main/java/de/koelle/christian/trickytripper/activitysupport/TabDialogSupport.java,../data/PreprocessedData/PreprocessedQueries/Screen-4/Preprocessed_with_GUI_States/replaced_query/bug_report_8.txt,0.28754666447639465
/Users/junayed/Documents/NecessaryDocs/GeorgeMasonUniversity/Research/Projects/BugLocalization/Backup/CodeUnused/BuggyProjects/bug-8/app/src/main/java/de/koelle/christian/trickytripper/activitysupport/MathUtils.java,../data/PreprocessedData/PreprocessedQueries/Screen-4/Preprocessed_with_GUI_States/replaced_query/bug_report_8.txt,0.20168882608413696
/Users/junayed/Documents/NecessaryDocs/GeorgeMasonUniversity/Research/Projects/BugLocalization/Backup/CodeUnused/BuggyProjects/bug-8/app/src/main/java/de/koelle/christian/trickytripper/activitysupport/PaymentEditActivityState.java,../data/PreprocessedData/PreprocessedQueries/Screen-4/Preprocessed_with_GUI_States/replaced_query/bug_report_8.txt,0.20471197366714478
/Users/junayed/Documents/NecessaryDocs/GeorgeMasonUniversity/Research/Projects/BugLocalization/Backup/CodeUnused/BuggyProjects/bug-8/app/src/main/java/de/koelle/christian/trickytripper/activitysupport/ButtonSupport.java,../data/PreprocessedData/PreprocessedQueries/Screen-4/Preprocessed_with_GUI_States/replaced_query/bug_report_8.txt,0.057051803916692734
/Users/junayed/Documents/NecessaryDocs/GeorgeMasonUniversity/Research/Projects/BugLocalization/Backup/CodeUnused/BuggyProjects/bug-8/app/src/main/java/de/koelle/christian/trickytripper/controller/TripResolver.java,../data/PreprocessedData/PreprocessedQueries/Screen-4/Preprocessed_with_GUI_States/replaced_query/bug_report_8.txt,0.2983587980270386
/Users/junayed/Documents/NecessaryDocs/GeorgeMasonUniversity/Research/Projects/BugLocalization/Backup/CodeUnused/BuggyProjects/bug-8/app/src/main/java/de/koelle/christian/trickytripper/controller/TripController.java,../data/PreprocessedData/PreprocessedQueries/Screen-4/Preprocessed_with_GUI_States/replaced_query/bug_report_8.txt,0.3368321657180786
/Users/junayed/Documents/NecessaryDocs/GeorgeMasonUniversity/Research/Projects/BugLocalization/Backup/CodeUnused/BuggyProjects/bug-8/app/src/main/java/de/koelle/christian/trickytripper/controller/ExportController.java,../data/PreprocessedData/PreprocessedQueries/Screen-4/Preprocessed_with_GUI_States/replaced_query/bug_report_8.txt,0.252059668302536
/Users/junayed/Documents/NecessaryDocs/GeorgeMasonUniversity/Research/Projects/BugLocalization/Backup/CodeUnused/BuggyProjects/bug-8/app/src/main/java/de/koelle/christian/trickytripper/controller/ViewController.java,../data/PreprocessedData/PreprocessedQueries/Screen-4/Preprocessed_with_GUI_States/replaced_query/bug_report_8.txt,0.2690768837928772
/Users/junayed/Documents/NecessaryDocs/GeorgeMasonUniversity/Research/Projects/BugLocalization/Backup/CodeUnused/BuggyProjects/bug-8/app/src/main/java/de/koelle/christian/trickytripper/controller/ExchangeRateController.java,../data/PreprocessedData/PreprocessedQueries/Screen-4/Preprocessed_with_GUI_States/replaced_query/bug_report_8.txt,0.1546553671360016
/Users/junayed/Documents/NecessaryDocs/GeorgeMasonUniversity/Research/Projects/BugLocalization/Backup/CodeUnused/BuggyProjects/bug-8/app/src/main/java/de/koelle/christian/trickytripper/controller/MiscController.java,../data/PreprocessedData/PreprocessedQueries/Screen-4/Preprocessed_with_GUI_States/replaced_query/bug_report_8.txt,0.13408735394477844
/Users/junayed/Documents/NecessaryDocs/GeorgeMasonUniversity/Research/Projects/BugLocalization/Backup/CodeUnused/BuggyProjects/bug-8/app/src/main/java/de/koelle/christian/trickytripper/controller/impl/ExchangeRateControllerImpl.java,../data/PreprocessedData/PreprocessedQueries/Screen-4/Preprocessed_with_GUI_States/replaced_query/bug_report_8.txt,0.23000387847423553
/Users/junayed/Documents/NecessaryDocs/GeorgeMasonUniversity/Research/Projects/BugLocalization/Backup/CodeUnused/BuggyProjects/bug-8/app/src/androidTest/java/de/koelle/christian/trickytripper/dataaccess/suite/AllExchangeRatePersistenceTestSuite.java,../data/PreprocessedData/PreprocessedQueries/Screen-4/Preprocessed_with_GUI_States/replaced_query/bug_report_8.txt,0.20361006259918213
/Users/junayed/Documents/NecessaryDocs/GeorgeMasonUniversity/Research/Projects/BugLocalization/Backup/CodeUnused/BuggyProjects/bug-8/app/src/androidTest/java/de/koelle/christian/trickytripper/dataaccess/suite/AllPaymentPersistenceTestSuite.java,../data/PreprocessedData/PreprocessedQueries/Screen-4/Preprocessed_with_GUI_States/replaced_query/bug_report_8.txt,0.21366803348064423
/Users/junayed/Documents/NecessaryDocs/GeorgeMasonUniversity/Research/Projects/BugLocalization/Backup/CodeUnused/BuggyProjects/bug-8/app/src/androidTest/java/de/koelle/christian/trickytripper/dataaccess/suite/AllPersistenceTestSuite.java,../data/PreprocessedData/PreprocessedQueries/Screen-4/Preprocessed_with_GUI_States/replaced_query/bug_report_8.txt,0.19820356369018555
/Users/junayed/Documents/NecessaryDocs/GeorgeMasonUniversity/Research/Projects/BugLocalization/Backup/CodeUnused/BuggyProjects/bug-8/app/src/androidTest/java/de/koelle/christian/trickytripper/dataaccess/suite/util/AssertionUtil.java,../data/PreprocessedData/PreprocessedQueries/Screen-4/Preprocessed_with_GUI_States/replaced_query/bug_report_8.txt,0.249797061085701
/Users/junayed/Documents/NecessaryDocs/GeorgeMasonUniversity/Research/Projects/BugLocalization/Backup/CodeUnused/BuggyProjects/bug-8/app/src/androidTest/java/de/koelle/christian/trickytripper/dataaccess/suite/util/ModelSetupUtil.java,../data/PreprocessedData/PreprocessedQueries/Screen-4/Preprocessed_with_GUI_States/replaced_query/bug_report_8.txt,0.21488343179225922
/Users/junayed/Documents/NecessaryDocs/GeorgeMasonUniversity/Research/Projects/BugLocalization/Backup/CodeUnused/BuggyProjects/bug-8/app/src/androidTest/java/de/koelle/christian/trickytripper/dataaccess/suite/exchange/ExchangeRatePrefsSaveLoadTest.java,../data/PreprocessedData/PreprocessedQueries/Screen-4/Preprocessed_with_GUI_States/replaced_query/bug_report_8.txt,0.4226575493812561
/Users/junayed/Documents/NecessaryDocs/GeorgeMasonUniversity/Research/Projects/BugLocalization/Backup/CodeUnused/BuggyProjects/bug-8/app/src/androidTest/java/de/koelle/christian/trickytripper/dataaccess/suite/exchange/ExchangeRateImportSaveAndLoadTest.java,../data/PreprocessedData/PreprocessedQueries/Screen-4/Preprocessed_with_GUI_States/replaced_query/bug_report_8.txt,0.3402264714241028
/Users/junayed/Documents/NecessaryDocs/GeorgeMasonUniversity/Research/Projects/BugLocalization/Backup/CodeUnused/BuggyProjects/bug-8/app/src/androidTest/java/de/koelle/christian/trickytripper/dataaccess/suite/exchange/ExchangeRateTestSupport.java,../data/PreprocessedData/PreprocessedQueries/Screen-4/Preprocessed_with_GUI_States/replaced_query/bug_report_8.txt,0.151296928524971
/Users/junayed/Documents/NecessaryDocs/GeorgeMasonUniversity/Research/Projects/BugLocalization/Backup/CodeUnused/BuggyProjects/bug-8/app/src/androidTest/java/de/koelle/christian/trickytripper/dataaccess/suite/exchange/ExchangeRateSaveAndLoadTest.java,../data/PreprocessedData/PreprocessedQueries/Screen-4/Preprocessed_with_GUI_States/replaced_query/bug_report_8.txt,0.3546830713748932
/Users/junayed/Documents/NecessaryDocs/GeorgeMasonUniversity/Research/Projects/BugLocalization/Backup/CodeUnused/BuggyProjects/bug-8/app/src/androidTest/java/de/koelle/christian/trickytripper/dataaccess/suite/exchange/ExchangeRateMultiDeleteTest.java,../data/PreprocessedData/PreprocessedQueries/Screen-4/Preprocessed_with_GUI_States/replaced_query/bug_report_8.txt,0.3649659752845764
/Users/junayed/Documents/NecessaryDocs/GeorgeMasonUniversity/Research/Projects/BugLocalization/Backup/CodeUnused/BuggyProjects/bug-8/app/src/androidTest/java/de/koelle/christian/trickytripper/dataaccess/suite/payment/DeleteParticipantInTripTest.java,../data/PreprocessedData/PreprocessedQueries/Screen-4/Preprocessed_with_GUI_States/replaced_query/bug_report_8.txt,0.5311369895935059
/Users/junayed/Documents/NecessaryDocs/GeorgeMasonUniversity/Research/Projects/BugLocalization/Backup/CodeUnused/BuggyProjects/bug-8/app/src/androidTest/java/de/koelle/christian/trickytripper/dataaccess/suite/payment/SaveAndLoadUserToTripTest.java,../data/PreprocessedData/PreprocessedQueries/Screen-4/Preprocessed_with_GUI_States/replaced_query/bug_report_8.txt,0.4717678427696228
/Users/junayed/Documents/NecessaryDocs/GeorgeMasonUniversity/Research/Projects/BugLocalization/Backup/CodeUnused/BuggyProjects/bug-8/app/src/androidTest/java/de/koelle/christian/trickytripper/dataaccess/suite/payment/CheckTripExistenceTest.java,../data/PreprocessedData/PreprocessedQueries/Screen-4/Preprocessed_with_GUI_States/replaced_query/bug_report_8.txt,0.28174424171447754
/Users/junayed/Documents/NecessaryDocs/GeorgeMasonUniversity/Research/Projects/BugLocalization/Backup/CodeUnused/BuggyProjects/bug-8/app/src/androidTest/java/de/koelle/christian/trickytripper/dataaccess/suite/payment/SaveAndLoadTripTest.java,../data/PreprocessedData/PreprocessedQueries/Screen-4/Preprocessed_with_GUI_States/replaced_query/bug_report_8.txt,0.44782742857933044
/Users/junayed/Documents/NecessaryDocs/GeorgeMasonUniversity/Research/Projects/BugLocalization/Backup/CodeUnused/BuggyProjects/bug-8/app/src/androidTest/java/de/koelle/christian/trickytripper/dataaccess/suite/payment/SaveAndLoadPaymentToTripTest.java,../data/PreprocessedData/PreprocessedQueries/Screen-4/Preprocessed_with_GUI_States/replaced_query/bug_report_8.txt,0.39306992292404175
/Users/junayed/Documents/NecessaryDocs/GeorgeMasonUniversity/Research/Projects/BugLocalization/Backup/CodeUnused/BuggyProjects/bug-8/app/src/androidTest/java/de/koelle/christian/trickytripper/dataaccess/suite/payment/DeleteTripTest.java,../data/PreprocessedData/PreprocessedQueries/Screen-4/Preprocessed_with_GUI_States/replaced_query/bug_report_8.txt,0.48512113094329834
/Users/junayed/Documents/NecessaryDocs/GeorgeMasonUniversity/Research/Projects/BugLocalization/Backup/CodeUnused/BuggyProjects/bug-8/app/src/androidTest/java/de/koelle/christian/trickytripper/dataaccess/suite/payment/InitialDataAvailabilityTest.java,../data/PreprocessedData/PreprocessedQueries/Screen-4/Preprocessed_with_GUI_States/replaced_query/bug_report_8.txt,0.31576845049858093
/Users/junayed/Documents/NecessaryDocs/GeorgeMasonUniversity/Research/Projects/BugLocalization/Backup/CodeUnused/BuggyProjects/bug-8/app/src/androidTest/java/de/koelle/christian/trickytripper/dataaccess/manual/phonebook/PhoneContactResolutionTest.java,../data/PreprocessedData/PreprocessedQueries/Screen-4/Preprocessed_with_GUI_States/replaced_query/bug_report_8.txt,0.23578126728534698
/Users/junayed/Documents/NecessaryDocs/GeorgeMasonUniversity/Research/Projects/BugLocalization/Backup/CodeUnused/BuggyProjects/bug-8/app/src/androidTest/java/de/koelle/christian/trickytripper/dataaccess/manual/exchangerateimport/ImportResponseTimeTest.java,../data/PreprocessedData/PreprocessedQueries/Screen-4/Preprocessed_with_GUI_States/replaced_query/bug_report_8.txt,0.1358860731124878
/Users/junayed/Documents/NecessaryDocs/GeorgeMasonUniversity/Research/Projects/BugLocalization/Backup/CodeUnused/BuggyProjects/bug-8/app/src/androidTest/java/de/koelle/christian/trickytripper/dataaccess/manual/exchangerateimport/AbstractCurrencyImportTest.java,../data/PreprocessedData/PreprocessedQueries/Screen-4/Preprocessed_with_GUI_States/replaced_query/bug_report_8.txt,0.21574386954307556
/Users/junayed/Documents/NecessaryDocs/GeorgeMasonUniversity/Research/Projects/BugLocalization/Backup/CodeUnused/BuggyProjects/bug-8/app/src/androidTest/java/de/koelle/christian/trickytripper/dataaccess/manual/exchangerateimport/ApiResponseTest.java,../data/PreprocessedData/PreprocessedQueries/Screen-4/Preprocessed_with_GUI_States/replaced_query/bug_report_8.txt,0.22516092658042908
/Users/junayed/Documents/NecessaryDocs/GeorgeMasonUniversity/Research/Projects/BugLocalization/Backup/CodeUnused/BuggyProjects/bug-8/app/src/androidTest/java/de/koelle/christian/trickytripper/dataaccess/manual/exchangerateimport/SmallCurrencyImportTest.java,../data/PreprocessedData/PreprocessedQueries/Screen-4/Preprocessed_with_GUI_States/replaced_query/bug_report_8.txt,0.11264795809984207
/Users/junayed/Documents/NecessaryDocs/GeorgeMasonUniversity/Research/Projects/BugLocalization/Backup/CodeUnused/BuggyProjects/bug-8/app/src/androidTest/java/de/koelle/christian/trickytripper/dataaccess/manual/exchangerateimport/FullCurrencyImportTest.java,../data/PreprocessedData/PreprocessedQueries/Screen-4/Preprocessed_with_GUI_States/replaced_query/bug_report_8.txt,0.07416433095932007
/Users/junayed/Documents/NecessaryDocs/GeorgeMasonUniversity/Research/Projects/BugLocalization/Backup/CodeUnused/BuggyProjects/bug-8/app/src/androidTest/java/de/koelle/christian/trickytripper/dataaccess/manual/db/DropDatabaseTest.java,../data/PreprocessedData/PreprocessedQueries/Screen-4/Preprocessed_with_GUI_States/replaced_query/bug_report_8.txt,0.3084160089492798
/Users/junayed/Documents/NecessaryDocs/GeorgeMasonUniversity/Research/Projects/BugLocalization/Backup/CodeUnused/BuggyProjects/bug-8/app/src/androidTest/java/de/koelle/christian/trickytripper/dataaccess/manual/db/ClearDatabaseTest.java,../data/PreprocessedData/PreprocessedQueries/Screen-4/Preprocessed_with_GUI_States/replaced_query/bug_report_8.txt,0.33977800607681274
/Users/junayed/Documents/NecessaryDocs/GeorgeMasonUniversity/Research/Projects/BugLocalization/Backup/CodeUnused/BuggyProjects/bug-8/app/src/test/java/de/koelle/christian/strategies/TripReportLogicTest.java,../data/PreprocessedData/PreprocessedQueries/Screen-4/Preprocessed_with_GUI_States/replaced_query/bug_report_8.txt,0.31183061003685
/Users/junayed/Documents/NecessaryDocs/GeorgeMasonUniversity/Research/Projects/BugLocalization/Backup/CodeUnused/BuggyProjects/bug-8/app/src/test/java/de/koelle/christian/common/ascii/Table2AsiiTest.java,../data/PreprocessedData/PreprocessedQueries/Screen-4/Preprocessed_with_GUI_States/replaced_query/bug_report_8.txt,0.10161252319812775
/Users/junayed/Documents/NecessaryDocs/GeorgeMasonUniversity/Research/Projects/BugLocalization/Backup/CodeUnused/BuggyProjects/bug-8/app/src/test/java/de/koelle/christian/common/ascii/AsciToStringHelperTest.java,../data/PreprocessedData/PreprocessedQueries/Screen-4/Preprocessed_with_GUI_States/replaced_query/bug_report_8.txt,0
/Users/junayed/Documents/NecessaryDocs/GeorgeMasonUniversity/Research/Projects/BugLocalization/Backup/CodeUnused/BuggyProjects/bug-8/app/src/test/java/de/koelle/christian/common/filter/DecimalNumberInputPatternMatcherTest.java,../data/PreprocessedData/PreprocessedQueries/Screen-4/Preprocessed_with_GUI_States/replaced_query/bug_report_8.txt,0.013849100098013878
/Users/junayed/Documents/NecessaryDocs/GeorgeMasonUniversity/Research/Projects/BugLocalization/Backup/CodeUnused/BuggyProjects/bug-8/app/src/test/java/de/koelle/christian/common/filter/DecimalNumberInputUtilTest.java,../data/PreprocessedData/PreprocessedQueries/Screen-4/Preprocessed_with_GUI_States/replaced_query/bug_report_8.txt,0.06957455724477768
/Users/junayed/Documents/NecessaryDocs/GeorgeMasonUniversity/Research/Projects/BugLocalization/Backup/CodeUnused/BuggyProjects/bug-8/app/src/test/java/de/koelle/christian/common/utils/MathUtilsTest.java,../data/PreprocessedData/PreprocessedQueries/Screen-4/Preprocessed_with_GUI_States/replaced_query/bug_report_8.txt,0.17349185049533844
/Users/junayed/Documents/NecessaryDocs/GeorgeMasonUniversity/Research/Projects/BugLocalization/Backup/CodeUnused/BuggyProjects/bug-8/app/src/test/java/de/koelle/christian/common/utils/MiscUtils.java,../data/PreprocessedData/PreprocessedQueries/Screen-4/Preprocessed_with_GUI_States/replaced_query/bug_report_8.txt,0.022626787424087524
/Users/junayed/Documents/NecessaryDocs/GeorgeMasonUniversity/Research/Projects/BugLocalization/Backup/CodeUnused/BuggyProjects/bug-8/app/src/test/java/de/koelle/christian/common/utils/NumberUtilsTest.java,../data/PreprocessedData/PreprocessedQueries/Screen-4/Preprocessed_with_GUI_States/replaced_query/bug_report_8.txt,0.10537286847829819
/Users/junayed/Documents/NecessaryDocs/GeorgeMasonUniversity/Research/Projects/BugLocalization/Backup/CodeUnused/BuggyProjects/bug-8/app/src/test/java/de/koelle/christian/common/utils/DateUtilsTest.java,../data/PreprocessedData/PreprocessedQueries/Screen-4/Preprocessed_with_GUI_States/replaced_query/bug_report_8.txt,0.06225980818271637
/Users/junayed/Documents/NecessaryDocs/GeorgeMasonUniversity/Research/Projects/BugLocalization/Backup/CodeUnused/BuggyProjects/bug-8/app/src/test/java/de/koelle/christian/common/utils/CurrencyLocalizationStringGeneratorTest.java,../data/PreprocessedData/PreprocessedQueries/Screen-4/Preprocessed_with_GUI_States/replaced_query/bug_report_8.txt,0.05582603067159653
/Users/junayed/Documents/NecessaryDocs/GeorgeMasonUniversity/Research/Projects/BugLocalization/Backup/CodeUnused/BuggyProjects/bug-8/app/src/test/java/de/koelle/christian/common/utils/LocaleTest.java,../data/PreprocessedData/PreprocessedQueries/Screen-4/Preprocessed_with_GUI_States/replaced_query/bug_report_8.txt,0.0700371041893959
/Users/junayed/Documents/NecessaryDocs/GeorgeMasonUniversity/Research/Projects/BugLocalization/Backup/CodeUnused/BuggyProjects/bug-8/app/src/test/java/de/koelle/christian/trickytripper/exchangerates/impl/CurrencyUtilTest.java,../data/PreprocessedData/PreprocessedQueries/Screen-4/Preprocessed_with_GUI_States/replaced_query/bug_report_8.txt,0.03760947287082672
/Users/junayed/Documents/NecessaryDocs/GeorgeMasonUniversity/Research/Projects/BugLocalization/Backup/CodeUnused/BuggyProjects/bug-8/app/src/test/java/de/koelle/christian/trickytripper/exchangerates/impl/ExchangeRateResultExtractorHttpGoogleImplTest.java,../data/PreprocessedData/PreprocessedQueries/Screen-4/Preprocessed_with_GUI_States/replaced_query/bug_report_8.txt,0.1389366090297699
/Users/junayed/Documents/NecessaryDocs/GeorgeMasonUniversity/Research/Projects/BugLocalization/Backup/CodeUnused/BuggyProjects/bug-8/app/src/test/java/de/koelle/christian/trickytripper/exchangerates/impl/DetachedCurrencyImportTest.java,../data/PreprocessedData/PreprocessedQueries/Screen-4/Preprocessed_with_GUI_States/replaced_query/bug_report_8.txt,0.10122992843389511
/Users/junayed/Documents/NecessaryDocs/GeorgeMasonUniversity/Research/Projects/BugLocalization/Backup/CodeUnused/BuggyProjects/bug-8/app/src/test/java/de/koelle/christian/trickytripper/exchangerates/impl/ExchangeRateEqualityTest.java,../data/PreprocessedData/PreprocessedQueries/Screen-4/Preprocessed_with_GUI_States/replaced_query/bug_report_8.txt,0.07725761085748672
/Users/junayed/Documents/NecessaryDocs/GeorgeMasonUniversity/Research/Projects/BugLocalization/Backup/CodeUnused/BuggyProjects/bug-8/app/src/test/java/de/koelle/christian/trickytripper/export/impl/ExporterFileNameUtilsTest.java,../data/PreprocessedData/PreprocessedQueries/Screen-4/Preprocessed_with_GUI_States/replaced_query/bug_report_8.txt,0.11231263726949692
/Users/junayed/Documents/NecessaryDocs/GeorgeMasonUniversity/Research/Projects/BugLocalization/Backup/CodeUnused/BuggyProjects/bug-8/app/src/test/java/de/koelle/christian/trickytripper/modelutils/AmountViewUtilsTest.java,../data/PreprocessedData/PreprocessedQueries/Screen-4/Preprocessed_with_GUI_States/replaced_query/bug_report_8.txt,0.15981703996658325
