Source_Code_Filename,Preprocessed_Query_File,Cosine_Similarity
/Users/junayed/Documents/NecessaryDocs/GeorgeMasonUniversity/Research/Projects/BugLocalization/Backup/CodeUnused/BuggyProjects/bug-2/app/src/main/java/io/github/zwieback/familyfinance/business/chart/activity/ChartActivity.java,../data/PreprocessedData/PreprocessedQueries/Screen-2/Preprocessed_with_Interacted_GUI_Component_IDs/query_expansion_1/bug_report_2.txt,0.5741301774978638
/Users/junayed/Documents/NecessaryDocs/GeorgeMasonUniversity/Research/Projects/BugLocalization/Backup/CodeUnused/BuggyProjects/bug-2/app/src/main/java/io/github/zwieback/familyfinance/business/dashboard/activity/DashboardActivity.java,../data/PreprocessedData/PreprocessedQueries/Screen-2/Preprocessed_with_Interacted_GUI_Component_IDs/query_expansion_1/bug_report_2.txt,0.6053923964500427
/Users/junayed/Documents/NecessaryDocs/GeorgeMasonUniversity/Research/Projects/BugLocalization/Backup/CodeUnused/BuggyProjects/bug-2/validator/src/main/java/com/johnpetitto/validator/TextWatcherValidator.java,../data/PreprocessedData/PreprocessedQueries/Screen-2/Preprocessed_with_Interacted_GUI_Component_IDs/query_expansion_1/bug_report_2.txt,0.3383285701274872
/Users/junayed/Documents/NecessaryDocs/GeorgeMasonUniversity/Research/Projects/BugLocalization/Backup/CodeUnused/BuggyProjects/bug-2/validator/src/main/java/com/johnpetitto/validator/ValidatingTextInputLayout.java,../data/PreprocessedData/PreprocessedQueries/Screen-2/Preprocessed_with_Interacted_GUI_Component_IDs/query_expansion_1/bug_report_2.txt,0.5004360675811768
/Users/junayed/Documents/NecessaryDocs/GeorgeMasonUniversity/Research/Projects/BugLocalization/Backup/CodeUnused/BuggyProjects/bug-2/validator/src/main/java/com/johnpetitto/validator/Validator.java,../data/PreprocessedData/PreprocessedQueries/Screen-2/Preprocessed_with_Interacted_GUI_Component_IDs/query_expansion_1/bug_report_2.txt,0.21277248859405518
/Users/junayed/Documents/NecessaryDocs/GeorgeMasonUniversity/Research/Projects/BugLocalization/Backup/CodeUnused/BuggyProjects/bug-2/validator/src/main/java/com/johnpetitto/validator/Validators.java,../data/PreprocessedData/PreprocessedQueries/Screen-2/Preprocessed_with_Interacted_GUI_Component_IDs/query_expansion_1/bug_report_2.txt,0.4458203613758087
/Users/junayed/Documents/NecessaryDocs/GeorgeMasonUniversity/Research/Projects/BugLocalization/Backup/CodeUnused/BuggyProjects/bug-2/app/src/main/java/io/github/zwieback/familyfinance/core/dialog/EntityFilterDialog.java,../data/PreprocessedData/PreprocessedQueries/Screen-2/Preprocessed_with_Interacted_GUI_Component_IDs/query_expansion_1/bug_report_2.txt,0.5477920770645142
/Users/junayed/Documents/NecessaryDocs/GeorgeMasonUniversity/Research/Projects/BugLocalization/Backup/CodeUnused/BuggyProjects/bug-2/app/src/main/java/io/github/zwieback/familyfinance/core/dialog/exception/UndefinedArgumentsException.java,../data/PreprocessedData/PreprocessedQueries/Screen-2/Preprocessed_with_Interacted_GUI_Component_IDs/query_expansion_1/bug_report_2.txt,0.3099793493747711
/Users/junayed/Documents/NecessaryDocs/GeorgeMasonUniversity/Research/Projects/BugLocalization/Backup/CodeUnused/BuggyProjects/bug-2/app/src/main/java/io/github/zwieback/familyfinance/core/dialog/exception/UndefinedContextException.java,../data/PreprocessedData/PreprocessedQueries/Screen-2/Preprocessed_with_Interacted_GUI_Component_IDs/query_expansion_1/bug_report_2.txt,0.30876287817955017
/Users/junayed/Documents/NecessaryDocs/GeorgeMasonUniversity/Research/Projects/BugLocalization/Backup/CodeUnused/BuggyProjects/bug-2/app/src/main/java/io/github/zwieback/familyfinance/core/fragment/EntityFolderFragment.java,../data/PreprocessedData/PreprocessedQueries/Screen-2/Preprocessed_with_Interacted_GUI_Component_IDs/query_expansion_1/bug_report_2.txt,0.42279478907585144
/Users/junayed/Documents/NecessaryDocs/GeorgeMasonUniversity/Research/Projects/BugLocalization/Backup/CodeUnused/BuggyProjects/bug-2/app/src/main/java/io/github/zwieback/familyfinance/core/fragment/EntityFragment.java,../data/PreprocessedData/PreprocessedQueries/Screen-2/Preprocessed_with_Interacted_GUI_Component_IDs/query_expansion_1/bug_report_2.txt,0.5474193692207336
/Users/junayed/Documents/NecessaryDocs/GeorgeMasonUniversity/Research/Projects/BugLocalization/Backup/CodeUnused/BuggyProjects/bug-2/app/src/main/java/io/github/zwieback/familyfinance/core/fragment/exception/FragmentWithoutArgumentsException.java,../data/PreprocessedData/PreprocessedQueries/Screen-2/Preprocessed_with_Interacted_GUI_Component_IDs/query_expansion_1/bug_report_2.txt,0.3396568298339844
/Users/junayed/Documents/NecessaryDocs/GeorgeMasonUniversity/Research/Projects/BugLocalization/Backup/CodeUnused/BuggyProjects/bug-2/app/src/main/java/io/github/zwieback/familyfinance/core/activity/ActivityWrapper.java,../data/PreprocessedData/PreprocessedQueries/Screen-2/Preprocessed_with_Interacted_GUI_Component_IDs/query_expansion_1/bug_report_2.txt,0.5117374062538147
/Users/junayed/Documents/NecessaryDocs/GeorgeMasonUniversity/Research/Projects/BugLocalization/Backup/CodeUnused/BuggyProjects/bug-2/app/src/main/java/io/github/zwieback/familyfinance/core/activity/EntityFolderActivity.java,../data/PreprocessedData/PreprocessedQueries/Screen-2/Preprocessed_with_Interacted_GUI_Component_IDs/query_expansion_1/bug_report_2.txt,0.54144686460495
/Users/junayed/Documents/NecessaryDocs/GeorgeMasonUniversity/Research/Projects/BugLocalization/Backup/CodeUnused/BuggyProjects/bug-2/app/src/main/java/io/github/zwieback/familyfinance/core/activity/EntityEditActivity.java,../data/PreprocessedData/PreprocessedQueries/Screen-2/Preprocessed_with_Interacted_GUI_Component_IDs/query_expansion_1/bug_report_2.txt,0.5182505249977112
/Users/junayed/Documents/NecessaryDocs/GeorgeMasonUniversity/Research/Projects/BugLocalization/Backup/CodeUnused/BuggyProjects/bug-2/app/src/main/java/io/github/zwieback/familyfinance/core/activity/EntityFolderEditActivity.java,../data/PreprocessedData/PreprocessedQueries/Screen-2/Preprocessed_with_Interacted_GUI_Component_IDs/query_expansion_1/bug_report_2.txt,0.4763203561306
/Users/junayed/Documents/NecessaryDocs/GeorgeMasonUniversity/Research/Projects/BugLocalization/Backup/CodeUnused/BuggyProjects/bug-2/app/src/main/java/io/github/zwieback/familyfinance/core/activity/EntityActivity.java,../data/PreprocessedData/PreprocessedQueries/Screen-2/Preprocessed_with_Interacted_GUI_Component_IDs/query_expansion_1/bug_report_2.txt,0.5447250008583069
/Users/junayed/Documents/NecessaryDocs/GeorgeMasonUniversity/Research/Projects/BugLocalization/Backup/CodeUnused/BuggyProjects/bug-2/app/src/main/java/io/github/zwieback/familyfinance/core/activity/DataActivityWrapper.java,../data/PreprocessedData/PreprocessedQueries/Screen-2/Preprocessed_with_Interacted_GUI_Component_IDs/query_expansion_1/bug_report_2.txt,0.5327270030975342
/Users/junayed/Documents/NecessaryDocs/GeorgeMasonUniversity/Research/Projects/BugLocalization/Backup/CodeUnused/BuggyProjects/bug-2/app/src/main/java/io/github/zwieback/familyfinance/core/activity/exception/ReadOnlyException.java,../data/PreprocessedData/PreprocessedQueries/Screen-2/Preprocessed_with_Interacted_GUI_Component_IDs/query_expansion_1/bug_report_2.txt,0.32504862546920776
/Users/junayed/Documents/NecessaryDocs/GeorgeMasonUniversity/Research/Projects/BugLocalization/Backup/CodeUnused/BuggyProjects/bug-2/app/src/main/java/io/github/zwieback/familyfinance/core/drawer/DrawerListener.java,../data/PreprocessedData/PreprocessedQueries/Screen-2/Preprocessed_with_Interacted_GUI_Component_IDs/query_expansion_1/bug_report_2.txt,0.5429229140281677
/Users/junayed/Documents/NecessaryDocs/GeorgeMasonUniversity/Research/Projects/BugLocalization/Backup/CodeUnused/BuggyProjects/bug-2/app/src/main/java/io/github/zwieback/familyfinance/core/preference/config/DatabasePrefsConfigurator.java,../data/PreprocessedData/PreprocessedQueries/Screen-2/Preprocessed_with_Interacted_GUI_Component_IDs/query_expansion_1/bug_report_2.txt,0.3818790018558502
/Users/junayed/Documents/NecessaryDocs/GeorgeMasonUniversity/Research/Projects/BugLocalization/Backup/CodeUnused/BuggyProjects/bug-2/app/src/main/java/io/github/zwieback/familyfinance/core/preference/config/BackupPrefsConfigurator.java,../data/PreprocessedData/PreprocessedQueries/Screen-2/Preprocessed_with_Interacted_GUI_Component_IDs/query_expansion_1/bug_report_2.txt,0.2595463693141937
/Users/junayed/Documents/NecessaryDocs/GeorgeMasonUniversity/Research/Projects/BugLocalization/Backup/CodeUnused/BuggyProjects/bug-2/app/src/main/java/io/github/zwieback/familyfinance/core/preference/config/InterfacePrefsConfigurator.java,../data/PreprocessedData/PreprocessedQueries/Screen-2/Preprocessed_with_Interacted_GUI_Component_IDs/query_expansion_1/bug_report_2.txt,0.31712275743484497
/Users/junayed/Documents/NecessaryDocs/GeorgeMasonUniversity/Research/Projects/BugLocalization/Backup/CodeUnused/BuggyProjects/bug-2/app/src/main/java/io/github/zwieback/familyfinance/core/preference/custom/OnSuccessPreferenceActivityResultListener.java,../data/PreprocessedData/PreprocessedQueries/Screen-2/Preprocessed_with_Interacted_GUI_Component_IDs/query_expansion_1/bug_report_2.txt,0.37713104486465454
/Users/junayed/Documents/NecessaryDocs/GeorgeMasonUniversity/Research/Projects/BugLocalization/Backup/CodeUnused/BuggyProjects/bug-2/app/src/main/java/io/github/zwieback/familyfinance/core/preference/custom/ActivityResultPreference.java,../data/PreprocessedData/PreprocessedQueries/Screen-2/Preprocessed_with_Interacted_GUI_Component_IDs/query_expansion_1/bug_report_2.txt,0.4963223934173584
/Users/junayed/Documents/NecessaryDocs/GeorgeMasonUniversity/Research/Projects/BugLocalization/Backup/CodeUnused/BuggyProjects/bug-2/app/src/main/java/io/github/zwieback/familyfinance/core/preference/custom/EntityActivityResultPreference.java,../data/PreprocessedData/PreprocessedQueries/Screen-2/Preprocessed_with_Interacted_GUI_Component_IDs/query_expansion_1/bug_report_2.txt,0.4644307792186737
/Users/junayed/Documents/NecessaryDocs/GeorgeMasonUniversity/Research/Projects/BugLocalization/Backup/CodeUnused/BuggyProjects/bug-2/app/src/main/java/io/github/zwieback/familyfinance/core/preference/custom/BooleanPreference.java,../data/PreprocessedData/PreprocessedQueries/Screen-2/Preprocessed_with_Interacted_GUI_Component_IDs/query_expansion_1/bug_report_2.txt,0.4499230980873108
/Users/junayed/Documents/NecessaryDocs/GeorgeMasonUniversity/Research/Projects/BugLocalization/Backup/CodeUnused/BuggyProjects/bug-2/app/src/main/java/io/github/zwieback/familyfinance/core/filter/EntityFolderFilter.java,../data/PreprocessedData/PreprocessedQueries/Screen-2/Preprocessed_with_Interacted_GUI_Component_IDs/query_expansion_1/bug_report_2.txt,0.3866339325904846
/Users/junayed/Documents/NecessaryDocs/GeorgeMasonUniversity/Research/Projects/BugLocalization/Backup/CodeUnused/BuggyProjects/bug-2/app/src/main/java/io/github/zwieback/familyfinance/core/filter/EntityFilter.java,../data/PreprocessedData/PreprocessedQueries/Screen-2/Preprocessed_with_Interacted_GUI_Component_IDs/query_expansion_1/bug_report_2.txt,0.38291871547698975
/Users/junayed/Documents/NecessaryDocs/GeorgeMasonUniversity/Research/Projects/BugLocalization/Backup/CodeUnused/BuggyProjects/bug-2/app/src/main/java/io/github/zwieback/familyfinance/core/database/exception/SQLException.java,../data/PreprocessedData/PreprocessedQueries/Screen-2/Preprocessed_with_Interacted_GUI_Component_IDs/query_expansion_1/bug_report_2.txt,0.29976820945739746
/Users/junayed/Documents/NecessaryDocs/GeorgeMasonUniversity/Research/Projects/BugLocalization/Backup/CodeUnused/BuggyProjects/bug-2/app/src/main/java/io/github/zwieback/familyfinance/core/adapter/TextViewBindingAdapterEx.java,../data/PreprocessedData/PreprocessedQueries/Screen-2/Preprocessed_with_Interacted_GUI_Component_IDs/query_expansion_1/bug_report_2.txt,0.427913635969162
/Users/junayed/Documents/NecessaryDocs/GeorgeMasonUniversity/Research/Projects/BugLocalization/Backup/CodeUnused/BuggyProjects/bug-2/app/src/main/java/io/github/zwieback/familyfinance/core/adapter/EntityFolderAdapter.java,../data/PreprocessedData/PreprocessedQueries/Screen-2/Preprocessed_with_Interacted_GUI_Component_IDs/query_expansion_1/bug_report_2.txt,0.5045050978660583
/Users/junayed/Documents/NecessaryDocs/GeorgeMasonUniversity/Research/Projects/BugLocalization/Backup/CodeUnused/BuggyProjects/bug-2/app/src/main/java/io/github/zwieback/familyfinance/core/adapter/BindingHolder.java,../data/PreprocessedData/PreprocessedQueries/Screen-2/Preprocessed_with_Interacted_GUI_Component_IDs/query_expansion_1/bug_report_2.txt,0.36826372146606445
/Users/junayed/Documents/NecessaryDocs/GeorgeMasonUniversity/Research/Projects/BugLocalization/Backup/CodeUnused/BuggyProjects/bug-2/app/src/main/java/io/github/zwieback/familyfinance/core/adapter/QuerySyncRecyclerAdapter.java,../data/PreprocessedData/PreprocessedQueries/Screen-2/Preprocessed_with_Interacted_GUI_Component_IDs/query_expansion_1/bug_report_2.txt,0.5151686668395996
/Users/junayed/Documents/NecessaryDocs/GeorgeMasonUniversity/Research/Projects/BugLocalization/Backup/CodeUnused/BuggyProjects/bug-2/app/src/main/java/io/github/zwieback/familyfinance/core/adapter/EntityAdapter.java,../data/PreprocessedData/PreprocessedQueries/Screen-2/Preprocessed_with_Interacted_GUI_Component_IDs/query_expansion_1/bug_report_2.txt,0.5076948404312134
/Users/junayed/Documents/NecessaryDocs/GeorgeMasonUniversity/Research/Projects/BugLocalization/Backup/CodeUnused/BuggyProjects/bug-2/app/src/main/java/io/github/zwieback/familyfinance/core/adapter/EntityProvider.java,../data/PreprocessedData/PreprocessedQueries/Screen-2/Preprocessed_with_Interacted_GUI_Component_IDs/query_expansion_1/bug_report_2.txt,0.4399622082710266
/Users/junayed/Documents/NecessaryDocs/GeorgeMasonUniversity/Research/Projects/BugLocalization/Backup/CodeUnused/BuggyProjects/bug-2/app/src/main/java/io/github/zwieback/familyfinance/core/model/ITemplateView.java,../data/PreprocessedData/PreprocessedQueries/Screen-2/Preprocessed_with_Interacted_GUI_Component_IDs/query_expansion_1/bug_report_2.txt,0.46775686740875244
/Users/junayed/Documents/NecessaryDocs/GeorgeMasonUniversity/Research/Projects/BugLocalization/Backup/CodeUnused/BuggyProjects/bug-2/app/src/main/java/io/github/zwieback/familyfinance/core/model/IOperationView.java,../data/PreprocessedData/PreprocessedQueries/Screen-2/Preprocessed_with_Interacted_GUI_Component_IDs/query_expansion_1/bug_report_2.txt,0.5000132322311401
/Users/junayed/Documents/NecessaryDocs/GeorgeMasonUniversity/Research/Projects/BugLocalization/Backup/CodeUnused/BuggyProjects/bug-2/app/src/main/java/io/github/zwieback/familyfinance/core/model/IExchangeRateView.java,../data/PreprocessedData/PreprocessedQueries/Screen-2/Preprocessed_with_Interacted_GUI_Component_IDs/query_expansion_1/bug_report_2.txt,0.3799192011356354
/Users/junayed/Documents/NecessaryDocs/GeorgeMasonUniversity/Research/Projects/BugLocalization/Backup/CodeUnused/BuggyProjects/bug-2/app/src/main/java/io/github/zwieback/familyfinance/core/model/IBaseEntityFolder.java,../data/PreprocessedData/PreprocessedQueries/Screen-2/Preprocessed_with_Interacted_GUI_Component_IDs/query_expansion_1/bug_report_2.txt,0.3029361963272095
/Users/junayed/Documents/NecessaryDocs/GeorgeMasonUniversity/Research/Projects/BugLocalization/Backup/CodeUnused/BuggyProjects/bug-2/app/src/main/java/io/github/zwieback/familyfinance/core/model/ISmsPattern.java,../data/PreprocessedData/PreprocessedQueries/Screen-2/Preprocessed_with_Interacted_GUI_Component_IDs/query_expansion_1/bug_report_2.txt,0.4465388059616089
/Users/junayed/Documents/NecessaryDocs/GeorgeMasonUniversity/Research/Projects/BugLocalization/Backup/CodeUnused/BuggyProjects/bug-2/app/src/main/java/io/github/zwieback/familyfinance/core/model/IArticle.java,../data/PreprocessedData/PreprocessedQueries/Screen-2/Preprocessed_with_Interacted_GUI_Component_IDs/query_expansion_1/bug_report_2.txt,0.4031669497489929
/Users/junayed/Documents/NecessaryDocs/GeorgeMasonUniversity/Research/Projects/BugLocalization/Backup/CodeUnused/BuggyProjects/bug-2/app/src/main/java/io/github/zwieback/familyfinance/core/model/IBaseEntity.java,../data/PreprocessedData/PreprocessedQueries/Screen-2/Preprocessed_with_Interacted_GUI_Component_IDs/query_expansion_1/bug_report_2.txt,0.392333984375
/Users/junayed/Documents/NecessaryDocs/GeorgeMasonUniversity/Research/Projects/BugLocalization/Backup/CodeUnused/BuggyProjects/bug-2/app/src/main/java/io/github/zwieback/familyfinance/core/model/IExchangeRate.java,../data/PreprocessedData/PreprocessedQueries/Screen-2/Preprocessed_with_Interacted_GUI_Component_IDs/query_expansion_1/bug_report_2.txt,0.3842291831970215
/Users/junayed/Documents/NecessaryDocs/GeorgeMasonUniversity/Research/Projects/BugLocalization/Backup/CodeUnused/BuggyProjects/bug-2/app/src/main/java/io/github/zwieback/familyfinance/core/model/ISmsPatternView.java,../data/PreprocessedData/PreprocessedQueries/Screen-2/Preprocessed_with_Interacted_GUI_Component_IDs/query_expansion_1/bug_report_2.txt,0.4207419753074646
/Users/junayed/Documents/NecessaryDocs/GeorgeMasonUniversity/Research/Projects/BugLocalization/Backup/CodeUnused/BuggyProjects/bug-2/app/src/main/java/io/github/zwieback/familyfinance/core/model/ICurrency.java,../data/PreprocessedData/PreprocessedQueries/Screen-2/Preprocessed_with_Interacted_GUI_Component_IDs/query_expansion_1/bug_report_2.txt,0.42069101333618164
/Users/junayed/Documents/NecessaryDocs/GeorgeMasonUniversity/Research/Projects/BugLocalization/Backup/CodeUnused/BuggyProjects/bug-2/app/src/main/java/io/github/zwieback/familyfinance/core/model/IPerson.java,../data/PreprocessedData/PreprocessedQueries/Screen-2/Preprocessed_with_Interacted_GUI_Component_IDs/query_expansion_1/bug_report_2.txt,0.46327629685401917
/Users/junayed/Documents/NecessaryDocs/GeorgeMasonUniversity/Research/Projects/BugLocalization/Backup/CodeUnused/BuggyProjects/bug-2/app/src/main/java/io/github/zwieback/familyfinance/core/model/ICurrencyView.java,../data/PreprocessedData/PreprocessedQueries/Screen-2/Preprocessed_with_Interacted_GUI_Component_IDs/query_expansion_1/bug_report_2.txt,0.4420977234840393
/Users/junayed/Documents/NecessaryDocs/GeorgeMasonUniversity/Research/Projects/BugLocalization/Backup/CodeUnused/BuggyProjects/bug-2/app/src/main/java/io/github/zwieback/familyfinance/core/model/IAccountView.java,../data/PreprocessedData/PreprocessedQueries/Screen-2/Preprocessed_with_Interacted_GUI_Component_IDs/query_expansion_1/bug_report_2.txt,0.37609541416168213
/Users/junayed/Documents/NecessaryDocs/GeorgeMasonUniversity/Research/Projects/BugLocalization/Backup/CodeUnused/BuggyProjects/bug-2/app/src/main/java/io/github/zwieback/familyfinance/core/model/IAccount.java,../data/PreprocessedData/PreprocessedQueries/Screen-2/Preprocessed_with_Interacted_GUI_Component_IDs/query_expansion_1/bug_report_2.txt,0.37429532408714294
/Users/junayed/Documents/NecessaryDocs/GeorgeMasonUniversity/Research/Projects/BugLocalization/Backup/CodeUnused/BuggyProjects/bug-2/app/src/main/java/io/github/zwieback/familyfinance/core/model/IOperation.java,../data/PreprocessedData/PreprocessedQueries/Screen-2/Preprocessed_with_Interacted_GUI_Component_IDs/query_expansion_1/bug_report_2.txt,0.41441723704338074
/Users/junayed/Documents/NecessaryDocs/GeorgeMasonUniversity/Research/Projects/BugLocalization/Backup/CodeUnused/BuggyProjects/bug-2/app/src/main/java/io/github/zwieback/familyfinance/core/model/ITemplate.java,../data/PreprocessedData/PreprocessedQueries/Screen-2/Preprocessed_with_Interacted_GUI_Component_IDs/query_expansion_1/bug_report_2.txt,0.4029325246810913
/Users/junayed/Documents/NecessaryDocs/GeorgeMasonUniversity/Research/Projects/BugLocalization/Backup/CodeUnused/BuggyProjects/bug-2/app/src/main/java/io/github/zwieback/familyfinance/core/model/IArticleView.java,../data/PreprocessedData/PreprocessedQueries/Screen-2/Preprocessed_with_Interacted_GUI_Component_IDs/query_expansion_1/bug_report_2.txt,0.42615169286727905
/Users/junayed/Documents/NecessaryDocs/GeorgeMasonUniversity/Research/Projects/BugLocalization/Backup/CodeUnused/BuggyProjects/bug-2/app/src/main/java/io/github/zwieback/familyfinance/core/model/IPersonView.java,../data/PreprocessedData/PreprocessedQueries/Screen-2/Preprocessed_with_Interacted_GUI_Component_IDs/query_expansion_1/bug_report_2.txt,0.42117077112197876
/Users/junayed/Documents/NecessaryDocs/GeorgeMasonUniversity/Research/Projects/BugLocalization/Backup/CodeUnused/BuggyProjects/bug-2/app/src/main/java/io/github/zwieback/familyfinance/core/model/restriction/OperationRestriction.java,../data/PreprocessedData/PreprocessedQueries/Screen-2/Preprocessed_with_Interacted_GUI_Component_IDs/query_expansion_1/bug_report_2.txt,0.22267502546310425
/Users/junayed/Documents/NecessaryDocs/GeorgeMasonUniversity/Research/Projects/BugLocalization/Backup/CodeUnused/BuggyProjects/bug-2/app/src/main/java/io/github/zwieback/familyfinance/core/model/restriction/PersonRestriction.java,../data/PreprocessedData/PreprocessedQueries/Screen-2/Preprocessed_with_Interacted_GUI_Component_IDs/query_expansion_1/bug_report_2.txt,0.2067009061574936
/Users/junayed/Documents/NecessaryDocs/GeorgeMasonUniversity/Research/Projects/BugLocalization/Backup/CodeUnused/BuggyProjects/bug-2/app/src/main/java/io/github/zwieback/familyfinance/core/model/restriction/CurrencyRestriction.java,../data/PreprocessedData/PreprocessedQueries/Screen-2/Preprocessed_with_Interacted_GUI_Component_IDs/query_expansion_1/bug_report_2.txt,0.2013458013534546
/Users/junayed/Documents/NecessaryDocs/GeorgeMasonUniversity/Research/Projects/BugLocalization/Backup/CodeUnused/BuggyProjects/bug-2/app/src/main/java/io/github/zwieback/familyfinance/core/model/restriction/SmsPatternRestriction.java,../data/PreprocessedData/PreprocessedQueries/Screen-2/Preprocessed_with_Interacted_GUI_Component_IDs/query_expansion_1/bug_report_2.txt,0.199323832988739
/Users/junayed/Documents/NecessaryDocs/GeorgeMasonUniversity/Research/Projects/BugLocalization/Backup/CodeUnused/BuggyProjects/bug-2/app/src/main/java/io/github/zwieback/familyfinance/core/model/restriction/AccountRestriction.java,../data/PreprocessedData/PreprocessedQueries/Screen-2/Preprocessed_with_Interacted_GUI_Component_IDs/query_expansion_1/bug_report_2.txt,0.24967467784881592
/Users/junayed/Documents/NecessaryDocs/GeorgeMasonUniversity/Research/Projects/BugLocalization/Backup/CodeUnused/BuggyProjects/bug-2/app/src/main/java/io/github/zwieback/familyfinance/core/model/restriction/ArticleRestriction.java,../data/PreprocessedData/PreprocessedQueries/Screen-2/Preprocessed_with_Interacted_GUI_Component_IDs/query_expansion_1/bug_report_2.txt,0.20479145646095276
/Users/junayed/Documents/NecessaryDocs/GeorgeMasonUniversity/Research/Projects/BugLocalization/Backup/CodeUnused/BuggyProjects/bug-2/app/src/main/java/io/github/zwieback/familyfinance/core/model/restriction/BaseRestriction.java,../data/PreprocessedData/PreprocessedQueries/Screen-2/Preprocessed_with_Interacted_GUI_Component_IDs/query_expansion_1/bug_report_2.txt,0.22885513305664062
/Users/junayed/Documents/NecessaryDocs/GeorgeMasonUniversity/Research/Projects/BugLocalization/Backup/CodeUnused/BuggyProjects/bug-2/app/src/main/java/io/github/zwieback/familyfinance/core/model/restriction/TemplateRestriction.java,../data/PreprocessedData/PreprocessedQueries/Screen-2/Preprocessed_with_Interacted_GUI_Component_IDs/query_expansion_1/bug_report_2.txt,0.19796785712242126
/Users/junayed/Documents/NecessaryDocs/GeorgeMasonUniversity/Research/Projects/BugLocalization/Backup/CodeUnused/BuggyProjects/bug-2/app/src/main/java/io/github/zwieback/familyfinance/core/model/type/ArticleType.java,../data/PreprocessedData/PreprocessedQueries/Screen-2/Preprocessed_with_Interacted_GUI_Component_IDs/query_expansion_1/bug_report_2.txt,0.27575773000717163
/Users/junayed/Documents/NecessaryDocs/GeorgeMasonUniversity/Research/Projects/BugLocalization/Backup/CodeUnused/BuggyProjects/bug-2/app/src/main/java/io/github/zwieback/familyfinance/core/model/type/OperationType.java,../data/PreprocessedData/PreprocessedQueries/Screen-2/Preprocessed_with_Interacted_GUI_Component_IDs/query_expansion_1/bug_report_2.txt,0.3064994812011719
/Users/junayed/Documents/NecessaryDocs/GeorgeMasonUniversity/Research/Projects/BugLocalization/Backup/CodeUnused/BuggyProjects/bug-2/app/src/main/java/io/github/zwieback/familyfinance/core/model/type/TemplateType.java,../data/PreprocessedData/PreprocessedQueries/Screen-2/Preprocessed_with_Interacted_GUI_Component_IDs/query_expansion_1/bug_report_2.txt,0.2544570565223694
/Users/junayed/Documents/NecessaryDocs/GeorgeMasonUniversity/Research/Projects/BugLocalization/Backup/CodeUnused/BuggyProjects/bug-2/app/src/main/java/io/github/zwieback/familyfinance/core/model/type/AccountType.java,../data/PreprocessedData/PreprocessedQueries/Screen-2/Preprocessed_with_Interacted_GUI_Component_IDs/query_expansion_1/bug_report_2.txt,0.34467941522598267
/Users/junayed/Documents/NecessaryDocs/GeorgeMasonUniversity/Research/Projects/BugLocalization/Backup/CodeUnused/BuggyProjects/bug-2/app/src/main/java/io/github/zwieback/familyfinance/core/model/setter/IconNameSetter.java,../data/PreprocessedData/PreprocessedQueries/Screen-2/Preprocessed_with_Interacted_GUI_Component_IDs/query_expansion_1/bug_report_2.txt,0.33102092146873474
/Users/junayed/Documents/NecessaryDocs/GeorgeMasonUniversity/Research/Projects/BugLocalization/Backup/CodeUnused/BuggyProjects/bug-2/app/src/main/java/io/github/zwieback/familyfinance/core/model/converter/BigDecimalToWorthConverter.java,../data/PreprocessedData/PreprocessedQueries/Screen-2/Preprocessed_with_Interacted_GUI_Component_IDs/query_expansion_1/bug_report_2.txt,0.3785400688648224
/Users/junayed/Documents/NecessaryDocs/GeorgeMasonUniversity/Research/Projects/BugLocalization/Backup/CodeUnused/BuggyProjects/bug-2/app/src/main/java/io/github/zwieback/familyfinance/core/model/converter/LocalDateConverter.java,../data/PreprocessedData/PreprocessedQueries/Screen-2/Preprocessed_with_Interacted_GUI_Component_IDs/query_expansion_1/bug_report_2.txt,0.29964450001716614
/Users/junayed/Documents/NecessaryDocs/GeorgeMasonUniversity/Research/Projects/BugLocalization/Backup/CodeUnused/BuggyProjects/bug-2/app/src/main/java/io/github/zwieback/familyfinance/core/model/converter/BigDecimalToExchangeRateConverter.java,../data/PreprocessedData/PreprocessedQueries/Screen-2/Preprocessed_with_Interacted_GUI_Component_IDs/query_expansion_1/bug_report_2.txt,0.37947025895118713
/Users/junayed/Documents/NecessaryDocs/GeorgeMasonUniversity/Research/Projects/BugLocalization/Backup/CodeUnused/BuggyProjects/bug-2/app/src/main/java/io/github/zwieback/familyfinance/core/storage/helper/InternalStorageHelper.java,../data/PreprocessedData/PreprocessedQueries/Screen-2/Preprocessed_with_Interacted_GUI_Component_IDs/query_expansion_1/bug_report_2.txt,0.4213113784790039
/Users/junayed/Documents/NecessaryDocs/GeorgeMasonUniversity/Research/Projects/BugLocalization/Backup/CodeUnused/BuggyProjects/bug-2/app/src/main/java/io/github/zwieback/familyfinance/core/storage/helper/ExternalStorageHelper.java,../data/PreprocessedData/PreprocessedQueries/Screen-2/Preprocessed_with_Interacted_GUI_Component_IDs/query_expansion_1/bug_report_2.txt,0.47950485348701477
/Users/junayed/Documents/NecessaryDocs/GeorgeMasonUniversity/Research/Projects/BugLocalization/Backup/CodeUnused/BuggyProjects/bug-2/app/src/main/java/io/github/zwieback/familyfinance/core/storage/exception/UncheckedIOException.java,../data/PreprocessedData/PreprocessedQueries/Screen-2/Preprocessed_with_Interacted_GUI_Component_IDs/query_expansion_1/bug_report_2.txt,0.4574662446975708
/Users/junayed/Documents/NecessaryDocs/GeorgeMasonUniversity/Research/Projects/BugLocalization/Backup/CodeUnused/BuggyProjects/bug-2/app/src/main/java/io/github/zwieback/familyfinance/core/listener/EntityFilterListener.java,../data/PreprocessedData/PreprocessedQueries/Screen-2/Preprocessed_with_Interacted_GUI_Component_IDs/query_expansion_1/bug_report_2.txt,0.340053528547287
/Users/junayed/Documents/NecessaryDocs/GeorgeMasonUniversity/Research/Projects/BugLocalization/Backup/CodeUnused/BuggyProjects/bug-2/app/src/main/java/io/github/zwieback/familyfinance/core/listener/EntityFolderClickListener.java,../data/PreprocessedData/PreprocessedQueries/Screen-2/Preprocessed_with_Interacted_GUI_Component_IDs/query_expansion_1/bug_report_2.txt,0.46824198961257935
/Users/junayed/Documents/NecessaryDocs/GeorgeMasonUniversity/Research/Projects/BugLocalization/Backup/CodeUnused/BuggyProjects/bug-2/app/src/main/java/io/github/zwieback/familyfinance/core/listener/EntityClickListener.java,../data/PreprocessedData/PreprocessedQueries/Screen-2/Preprocessed_with_Interacted_GUI_Component_IDs/query_expansion_1/bug_report_2.txt,0.47004151344299316
/Users/junayed/Documents/NecessaryDocs/GeorgeMasonUniversity/Research/Projects/BugLocalization/Backup/CodeUnused/BuggyProjects/bug-2/app/src/main/java/io/github/zwieback/familyfinance/core/query/EntityFolderQueryBuilder.java,../data/PreprocessedData/PreprocessedQueries/Screen-2/Preprocessed_with_Interacted_GUI_Component_IDs/query_expansion_1/bug_report_2.txt,0.41940006613731384
/Users/junayed/Documents/NecessaryDocs/GeorgeMasonUniversity/Research/Projects/BugLocalization/Backup/CodeUnused/BuggyProjects/bug-2/app/src/main/java/io/github/zwieback/familyfinance/core/query/EntityQueryBuilder.java,../data/PreprocessedData/PreprocessedQueries/Screen-2/Preprocessed_with_Interacted_GUI_Component_IDs/query_expansion_1/bug_report_2.txt,0.3800389766693115
/Users/junayed/Documents/NecessaryDocs/GeorgeMasonUniversity/Research/Projects/BugLocalization/Backup/CodeUnused/BuggyProjects/bug-2/app/src/main/java/io/github/zwieback/familyfinance/core/lifecycle/destroyer/EntityFromDestroyer.java,../data/PreprocessedData/PreprocessedQueries/Screen-2/Preprocessed_with_Interacted_GUI_Component_IDs/query_expansion_1/bug_report_2.txt,0.5068311095237732
/Users/junayed/Documents/NecessaryDocs/GeorgeMasonUniversity/Research/Projects/BugLocalization/Backup/CodeUnused/BuggyProjects/bug-2/app/src/main/java/io/github/zwieback/familyfinance/core/lifecycle/destroyer/EntityDestroyer.java,../data/PreprocessedData/PreprocessedQueries/Screen-2/Preprocessed_with_Interacted_GUI_Component_IDs/query_expansion_1/bug_report_2.txt,0.46134549379348755
/Users/junayed/Documents/NecessaryDocs/GeorgeMasonUniversity/Research/Projects/BugLocalization/Backup/CodeUnused/BuggyProjects/bug-2/app/src/main/java/io/github/zwieback/familyfinance/core/lifecycle/destroyer/EntityAlertDestroyer.java,../data/PreprocessedData/PreprocessedQueries/Screen-2/Preprocessed_with_Interacted_GUI_Component_IDs/query_expansion_1/bug_report_2.txt,0.5715607404708862
/Users/junayed/Documents/NecessaryDocs/GeorgeMasonUniversity/Research/Projects/BugLocalization/Backup/CodeUnused/BuggyProjects/bug-2/app/src/main/java/io/github/zwieback/familyfinance/core/lifecycle/destroyer/EntityViewDestroyer.java,../data/PreprocessedData/PreprocessedQueries/Screen-2/Preprocessed_with_Interacted_GUI_Component_IDs/query_expansion_1/bug_report_2.txt,0.4837890863418579
/Users/junayed/Documents/NecessaryDocs/GeorgeMasonUniversity/Research/Projects/BugLocalization/Backup/CodeUnused/BuggyProjects/bug-2/app/src/main/java/io/github/zwieback/familyfinance/core/lifecycle/destroyer/EntityFromPreferencesDestroyer.java,../data/PreprocessedData/PreprocessedQueries/Screen-2/Preprocessed_with_Interacted_GUI_Component_IDs/query_expansion_1/bug_report_2.txt,0.5384429693222046
/Users/junayed/Documents/NecessaryDocs/GeorgeMasonUniversity/Research/Projects/BugLocalization/Backup/CodeUnused/BuggyProjects/bug-2/app/src/main/java/io/github/zwieback/familyfinance/core/lifecycle/destroyer/EntityAsParentDestroyer.java,../data/PreprocessedData/PreprocessedQueries/Screen-2/Preprocessed_with_Interacted_GUI_Component_IDs/query_expansion_1/bug_report_2.txt,0.48949867486953735
/Users/junayed/Documents/NecessaryDocs/GeorgeMasonUniversity/Research/Projects/BugLocalization/Backup/CodeUnused/BuggyProjects/bug-2/app/src/main/java/io/github/zwieback/familyfinance/core/lifecycle/destroyer/EntityForceDestroyer.java,../data/PreprocessedData/PreprocessedQueries/Screen-2/Preprocessed_with_Interacted_GUI_Component_IDs/query_expansion_1/bug_report_2.txt,0.45838823914527893
/Users/junayed/Documents/NecessaryDocs/GeorgeMasonUniversity/Research/Projects/BugLocalization/Backup/CodeUnused/BuggyProjects/bug-2/app/src/main/java/io/github/zwieback/familyfinance/core/lifecycle/creator/EntityViewCreator.java,../data/PreprocessedData/PreprocessedQueries/Screen-2/Preprocessed_with_Interacted_GUI_Component_IDs/query_expansion_1/bug_report_2.txt,0.47453147172927856
/Users/junayed/Documents/NecessaryDocs/GeorgeMasonUniversity/Research/Projects/BugLocalization/Backup/CodeUnused/BuggyProjects/bug-2/app/src/main/java/io/github/zwieback/familyfinance/core/lifecycle/creator/EntityCreator.java,../data/PreprocessedData/PreprocessedQueries/Screen-2/Preprocessed_with_Interacted_GUI_Component_IDs/query_expansion_1/bug_report_2.txt,0.46272966265678406
/Users/junayed/Documents/NecessaryDocs/GeorgeMasonUniversity/Research/Projects/BugLocalization/Backup/CodeUnused/BuggyProjects/bug-2/app/src/main/java/io/github/zwieback/familyfinance/app/AbstractApplication.java,../data/PreprocessedData/PreprocessedQueries/Screen-2/Preprocessed_with_Interacted_GUI_Component_IDs/query_expansion_1/bug_report_2.txt,0.546515703201294
/Users/junayed/Documents/NecessaryDocs/GeorgeMasonUniversity/Research/Projects/BugLocalization/Backup/CodeUnused/BuggyProjects/bug-2/app/src/main/java/io/github/zwieback/familyfinance/app/info/DeveloperInfo.java,../data/PreprocessedData/PreprocessedQueries/Screen-2/Preprocessed_with_Interacted_GUI_Component_IDs/query_expansion_1/bug_report_2.txt,0.28217631578445435
/Users/junayed/Documents/NecessaryDocs/GeorgeMasonUniversity/Research/Projects/BugLocalization/Backup/CodeUnused/BuggyProjects/bug-2/app/src/main/java/io/github/zwieback/familyfinance/app/lifecycle/destroyer/DatabaseViewDestroyer.java,../data/PreprocessedData/PreprocessedQueries/Screen-2/Preprocessed_with_Interacted_GUI_Component_IDs/query_expansion_1/bug_report_2.txt,0.5118400454521179
/Users/junayed/Documents/NecessaryDocs/GeorgeMasonUniversity/Research/Projects/BugLocalization/Backup/CodeUnused/BuggyProjects/bug-2/app/src/main/java/io/github/zwieback/familyfinance/app/lifecycle/destroyer/DatabaseDestroyer.java,../data/PreprocessedData/PreprocessedQueries/Screen-2/Preprocessed_with_Interacted_GUI_Component_IDs/query_expansion_1/bug_report_2.txt,0.3708174526691437
/Users/junayed/Documents/NecessaryDocs/GeorgeMasonUniversity/Research/Projects/BugLocalization/Backup/CodeUnused/BuggyProjects/bug-2/app/src/main/java/io/github/zwieback/familyfinance/app/lifecycle/creator/DatabaseViewCreator.java,../data/PreprocessedData/PreprocessedQueries/Screen-2/Preprocessed_with_Interacted_GUI_Component_IDs/query_expansion_1/bug_report_2.txt,0.5401942133903503
/Users/junayed/Documents/NecessaryDocs/GeorgeMasonUniversity/Research/Projects/BugLocalization/Backup/CodeUnused/BuggyProjects/bug-2/app/src/main/java/io/github/zwieback/familyfinance/app/lifecycle/creator/DatabaseTableCreator.java,../data/PreprocessedData/PreprocessedQueries/Screen-2/Preprocessed_with_Interacted_GUI_Component_IDs/query_expansion_1/bug_report_2.txt,0.5229642391204834
/Users/junayed/Documents/NecessaryDocs/GeorgeMasonUniversity/Research/Projects/BugLocalization/Backup/CodeUnused/BuggyProjects/bug-2/app/src/main/java/io/github/zwieback/familyfinance/business/sms/parser/SmsParser.java,../data/PreprocessedData/PreprocessedQueries/Screen-2/Preprocessed_with_Interacted_GUI_Component_IDs/query_expansion_1/bug_report_2.txt,0.42460256814956665
/Users/junayed/Documents/NecessaryDocs/GeorgeMasonUniversity/Research/Projects/BugLocalization/Backup/CodeUnused/BuggyProjects/bug-2/app/src/main/java/io/github/zwieback/familyfinance/business/sms/service/AddOperationImmediatelyService.java,../data/PreprocessedData/PreprocessedQueries/Screen-2/Preprocessed_with_Interacted_GUI_Component_IDs/query_expansion_1/bug_report_2.txt,0.5520254969596863
/Users/junayed/Documents/NecessaryDocs/GeorgeMasonUniversity/Research/Projects/BugLocalization/Backup/CodeUnused/BuggyProjects/bug-2/app/src/main/java/io/github/zwieback/familyfinance/business/sms/model/dto/SmsDto.java,../data/PreprocessedData/PreprocessedQueries/Screen-2/Preprocessed_with_Interacted_GUI_Component_IDs/query_expansion_1/bug_report_2.txt,0.34789103269577026
/Users/junayed/Documents/NecessaryDocs/GeorgeMasonUniversity/Research/Projects/BugLocalization/Backup/CodeUnused/BuggyProjects/bug-2/app/src/main/java/io/github/zwieback/familyfinance/business/sms/common/SmsConst.java,../data/PreprocessedData/PreprocessedQueries/Screen-2/Preprocessed_with_Interacted_GUI_Component_IDs/query_expansion_1/bug_report_2.txt,0.26353752613067627
/Users/junayed/Documents/NecessaryDocs/GeorgeMasonUniversity/Research/Projects/BugLocalization/Backup/CodeUnused/BuggyProjects/bug-2/app/src/main/java/io/github/zwieback/familyfinance/business/sms/receiver/SmsReceiver.java,../data/PreprocessedData/PreprocessedQueries/Screen-2/Preprocessed_with_Interacted_GUI_Component_IDs/query_expansion_1/bug_report_2.txt,0.4540916085243225
/Users/junayed/Documents/NecessaryDocs/GeorgeMasonUniversity/Research/Projects/BugLocalization/Backup/CodeUnused/BuggyProjects/bug-2/app/src/main/java/io/github/zwieback/familyfinance/business/sms/handler/SmsNotificationBuilder.java,../data/PreprocessedData/PreprocessedQueries/Screen-2/Preprocessed_with_Interacted_GUI_Component_IDs/query_expansion_1/bug_report_2.txt,0.51956707239151
/Users/junayed/Documents/NecessaryDocs/GeorgeMasonUniversity/Research/Projects/BugLocalization/Backup/CodeUnused/BuggyProjects/bug-2/app/src/main/java/io/github/zwieback/familyfinance/business/sms/handler/SmsNotificationSender.java,../data/PreprocessedData/PreprocessedQueries/Screen-2/Preprocessed_with_Interacted_GUI_Component_IDs/query_expansion_1/bug_report_2.txt,0.4239678978919983
/Users/junayed/Documents/NecessaryDocs/GeorgeMasonUniversity/Research/Projects/BugLocalization/Backup/CodeUnused/BuggyProjects/bug-2/app/src/main/java/io/github/zwieback/familyfinance/business/sms/handler/SmsHandler.java,../data/PreprocessedData/PreprocessedQueries/Screen-2/Preprocessed_with_Interacted_GUI_Component_IDs/query_expansion_1/bug_report_2.txt,0.4939076900482178
/Users/junayed/Documents/NecessaryDocs/GeorgeMasonUniversity/Research/Projects/BugLocalization/Backup/CodeUnused/BuggyProjects/bug-2/app/src/main/java/io/github/zwieback/familyfinance/business/exchange_rate/dialog/ExchangeRateFilterDialog.java,../data/PreprocessedData/PreprocessedQueries/Screen-2/Preprocessed_with_Interacted_GUI_Component_IDs/query_expansion_1/bug_report_2.txt,0.5223423838615417
/Users/junayed/Documents/NecessaryDocs/GeorgeMasonUniversity/Research/Projects/BugLocalization/Backup/CodeUnused/BuggyProjects/bug-2/app/src/main/java/io/github/zwieback/familyfinance/business/exchange_rate/fragment/ExchangeRateFragment.java,../data/PreprocessedData/PreprocessedQueries/Screen-2/Preprocessed_with_Interacted_GUI_Component_IDs/query_expansion_1/bug_report_2.txt,0.4309350252151489
/Users/junayed/Documents/NecessaryDocs/GeorgeMasonUniversity/Research/Projects/BugLocalization/Backup/CodeUnused/BuggyProjects/bug-2/app/src/main/java/io/github/zwieback/familyfinance/business/exchange_rate/activity/ExchangeRateActivity.java,../data/PreprocessedData/PreprocessedQueries/Screen-2/Preprocessed_with_Interacted_GUI_Component_IDs/query_expansion_1/bug_report_2.txt,0.528506338596344
/Users/junayed/Documents/NecessaryDocs/GeorgeMasonUniversity/Research/Projects/BugLocalization/Backup/CodeUnused/BuggyProjects/bug-2/app/src/main/java/io/github/zwieback/familyfinance/business/exchange_rate/activity/ExchangeRateEditActivity.java,../data/PreprocessedData/PreprocessedQueries/Screen-2/Preprocessed_with_Interacted_GUI_Component_IDs/query_expansion_1/bug_report_2.txt,0.5688886046409607
/Users/junayed/Documents/NecessaryDocs/GeorgeMasonUniversity/Research/Projects/BugLocalization/Backup/CodeUnused/BuggyProjects/bug-2/app/src/main/java/io/github/zwieback/familyfinance/business/exchange_rate/helper/ExchangeRateFinder.java,../data/PreprocessedData/PreprocessedQueries/Screen-2/Preprocessed_with_Interacted_GUI_Component_IDs/query_expansion_1/bug_report_2.txt,0.44558918476104736
/Users/junayed/Documents/NecessaryDocs/GeorgeMasonUniversity/Research/Projects/BugLocalization/Backup/CodeUnused/BuggyProjects/bug-2/app/src/main/java/io/github/zwieback/familyfinance/business/exchange_rate/filter/ExchangeRateFilter.java,../data/PreprocessedData/PreprocessedQueries/Screen-2/Preprocessed_with_Interacted_GUI_Component_IDs/query_expansion_1/bug_report_2.txt,0.4099559783935547
/Users/junayed/Documents/NecessaryDocs/GeorgeMasonUniversity/Research/Projects/BugLocalization/Backup/CodeUnused/BuggyProjects/bug-2/app/src/main/java/io/github/zwieback/familyfinance/business/exchange_rate/adapter/ExchangeRateViewProvider.java,../data/PreprocessedData/PreprocessedQueries/Screen-2/Preprocessed_with_Interacted_GUI_Component_IDs/query_expansion_1/bug_report_2.txt,0.48840880393981934
/Users/junayed/Documents/NecessaryDocs/GeorgeMasonUniversity/Research/Projects/BugLocalization/Backup/CodeUnused/BuggyProjects/bug-2/app/src/main/java/io/github/zwieback/familyfinance/business/exchange_rate/adapter/ExchangeRateProvider.java,../data/PreprocessedData/PreprocessedQueries/Screen-2/Preprocessed_with_Interacted_GUI_Component_IDs/query_expansion_1/bug_report_2.txt,0.4596608877182007
/Users/junayed/Documents/NecessaryDocs/GeorgeMasonUniversity/Research/Projects/BugLocalization/Backup/CodeUnused/BuggyProjects/bug-2/app/src/main/java/io/github/zwieback/familyfinance/business/exchange_rate/adapter/ExchangeRateAdapter.java,../data/PreprocessedData/PreprocessedQueries/Screen-2/Preprocessed_with_Interacted_GUI_Component_IDs/query_expansion_1/bug_report_2.txt,0.49386870861053467
/Users/junayed/Documents/NecessaryDocs/GeorgeMasonUniversity/Research/Projects/BugLocalization/Backup/CodeUnused/BuggyProjects/bug-2/app/src/main/java/io/github/zwieback/familyfinance/business/exchange_rate/listener/OnExchangeRateClickListener.java,../data/PreprocessedData/PreprocessedQueries/Screen-2/Preprocessed_with_Interacted_GUI_Component_IDs/query_expansion_1/bug_report_2.txt,0.4218515157699585
/Users/junayed/Documents/NecessaryDocs/GeorgeMasonUniversity/Research/Projects/BugLocalization/Backup/CodeUnused/BuggyProjects/bug-2/app/src/main/java/io/github/zwieback/familyfinance/business/exchange_rate/query/ExchangeRateQueryBuilder.java,../data/PreprocessedData/PreprocessedQueries/Screen-2/Preprocessed_with_Interacted_GUI_Component_IDs/query_expansion_1/bug_report_2.txt,0.4061439037322998
/Users/junayed/Documents/NecessaryDocs/GeorgeMasonUniversity/Research/Projects/BugLocalization/Backup/CodeUnused/BuggyProjects/bug-2/app/src/main/java/io/github/zwieback/familyfinance/business/exchange_rate/lifecycle/destroyer/ExchangeRateForceDestroyer.java,../data/PreprocessedData/PreprocessedQueries/Screen-2/Preprocessed_with_Interacted_GUI_Component_IDs/query_expansion_1/bug_report_2.txt,0.44296783208847046
/Users/junayed/Documents/NecessaryDocs/GeorgeMasonUniversity/Research/Projects/BugLocalization/Backup/CodeUnused/BuggyProjects/bug-2/app/src/main/java/io/github/zwieback/familyfinance/business/exchange_rate/lifecycle/destroyer/ExchangeRateFromIncomeOperationsDestroyer.java,../data/PreprocessedData/PreprocessedQueries/Screen-2/Preprocessed_with_Interacted_GUI_Component_IDs/query_expansion_1/bug_report_2.txt,0.4489319324493408
/Users/junayed/Documents/NecessaryDocs/GeorgeMasonUniversity/Research/Projects/BugLocalization/Backup/CodeUnused/BuggyProjects/bug-2/app/src/main/java/io/github/zwieback/familyfinance/business/exchange_rate/lifecycle/destroyer/ExchangeRateFromExpenseOperationsDestroyer.java,../data/PreprocessedData/PreprocessedQueries/Screen-2/Preprocessed_with_Interacted_GUI_Component_IDs/query_expansion_1/bug_report_2.txt,0.4489319324493408
/Users/junayed/Documents/NecessaryDocs/GeorgeMasonUniversity/Research/Projects/BugLocalization/Backup/CodeUnused/BuggyProjects/bug-2/app/src/main/java/io/github/zwieback/familyfinance/business/exchange_rate/lifecycle/destroyer/ExchangeRateFromTransferOperationsDestroyer.java,../data/PreprocessedData/PreprocessedQueries/Screen-2/Preprocessed_with_Interacted_GUI_Component_IDs/query_expansion_1/bug_report_2.txt,0.4568515419960022
/Users/junayed/Documents/NecessaryDocs/GeorgeMasonUniversity/Research/Projects/BugLocalization/Backup/CodeUnused/BuggyProjects/bug-2/app/src/main/java/io/github/zwieback/familyfinance/business/exchange_rate/lifecycle/creator/ExchangeRateViewCreator.java,../data/PreprocessedData/PreprocessedQueries/Screen-2/Preprocessed_with_Interacted_GUI_Component_IDs/query_expansion_1/bug_report_2.txt,0.5151669383049011
/Users/junayed/Documents/NecessaryDocs/GeorgeMasonUniversity/Research/Projects/BugLocalization/Backup/CodeUnused/BuggyProjects/bug-2/app/src/main/java/io/github/zwieback/familyfinance/business/exchange_rate/lifecycle/creator/ExchangeRateCreator.java,../data/PreprocessedData/PreprocessedQueries/Screen-2/Preprocessed_with_Interacted_GUI_Component_IDs/query_expansion_1/bug_report_2.txt,0.411261647939682
/Users/junayed/Documents/NecessaryDocs/GeorgeMasonUniversity/Research/Projects/BugLocalization/Backup/CodeUnused/BuggyProjects/bug-2/app/src/main/java/io/github/zwieback/familyfinance/business/backup/activity/BackupActivity.java,../data/PreprocessedData/PreprocessedQueries/Screen-2/Preprocessed_with_Interacted_GUI_Component_IDs/query_expansion_1/bug_report_2.txt,0.5145758390426636
/Users/junayed/Documents/NecessaryDocs/GeorgeMasonUniversity/Research/Projects/BugLocalization/Backup/CodeUnused/BuggyProjects/bug-2/app/src/main/java/io/github/zwieback/familyfinance/business/backup/helper/BackupHelper.java,../data/PreprocessedData/PreprocessedQueries/Screen-2/Preprocessed_with_Interacted_GUI_Component_IDs/query_expansion_1/bug_report_2.txt,0.40048378705978394
/Users/junayed/Documents/NecessaryDocs/GeorgeMasonUniversity/Research/Projects/BugLocalization/Backup/CodeUnused/BuggyProjects/bug-2/app/src/main/java/io/github/zwieback/familyfinance/business/template/fragment/TemplateFragment.java,../data/PreprocessedData/PreprocessedQueries/Screen-2/Preprocessed_with_Interacted_GUI_Component_IDs/query_expansion_1/bug_report_2.txt,0.41499561071395874
/Users/junayed/Documents/NecessaryDocs/GeorgeMasonUniversity/Research/Projects/BugLocalization/Backup/CodeUnused/BuggyProjects/bug-2/app/src/main/java/io/github/zwieback/familyfinance/business/template/activity/TemplateActivity.java,../data/PreprocessedData/PreprocessedQueries/Screen-2/Preprocessed_with_Interacted_GUI_Component_IDs/query_expansion_1/bug_report_2.txt,0.5447942018508911
/Users/junayed/Documents/NecessaryDocs/GeorgeMasonUniversity/Research/Projects/BugLocalization/Backup/CodeUnused/BuggyProjects/bug-2/app/src/main/java/io/github/zwieback/familyfinance/business/template/activity/TemplateEditActivity.java,../data/PreprocessedData/PreprocessedQueries/Screen-2/Preprocessed_with_Interacted_GUI_Component_IDs/query_expansion_1/bug_report_2.txt,0.55278480052948
/Users/junayed/Documents/NecessaryDocs/GeorgeMasonUniversity/Research/Projects/BugLocalization/Backup/CodeUnused/BuggyProjects/bug-2/app/src/main/java/io/github/zwieback/familyfinance/business/template/activity/helper/TemplateQualifier.java,../data/PreprocessedData/PreprocessedQueries/Screen-2/Preprocessed_with_Interacted_GUI_Component_IDs/query_expansion_1/bug_report_2.txt,0.46313607692718506
/Users/junayed/Documents/NecessaryDocs/GeorgeMasonUniversity/Research/Projects/BugLocalization/Backup/CodeUnused/BuggyProjects/bug-2/app/src/main/java/io/github/zwieback/familyfinance/business/template/filter/TemplateFilter.java,../data/PreprocessedData/PreprocessedQueries/Screen-2/Preprocessed_with_Interacted_GUI_Component_IDs/query_expansion_1/bug_report_2.txt,0.3562355637550354
/Users/junayed/Documents/NecessaryDocs/GeorgeMasonUniversity/Research/Projects/BugLocalization/Backup/CodeUnused/BuggyProjects/bug-2/app/src/main/java/io/github/zwieback/familyfinance/business/template/adapter/TemplateViewProvider.java,../data/PreprocessedData/PreprocessedQueries/Screen-2/Preprocessed_with_Interacted_GUI_Component_IDs/query_expansion_1/bug_report_2.txt,0.5317971110343933
/Users/junayed/Documents/NecessaryDocs/GeorgeMasonUniversity/Research/Projects/BugLocalization/Backup/CodeUnused/BuggyProjects/bug-2/app/src/main/java/io/github/zwieback/familyfinance/business/template/adapter/TemplateProvider.java,../data/PreprocessedData/PreprocessedQueries/Screen-2/Preprocessed_with_Interacted_GUI_Component_IDs/query_expansion_1/bug_report_2.txt,0.5197607278823853
/Users/junayed/Documents/NecessaryDocs/GeorgeMasonUniversity/Research/Projects/BugLocalization/Backup/CodeUnused/BuggyProjects/bug-2/app/src/main/java/io/github/zwieback/familyfinance/business/template/adapter/TemplateAdapter.java,../data/PreprocessedData/PreprocessedQueries/Screen-2/Preprocessed_with_Interacted_GUI_Component_IDs/query_expansion_1/bug_report_2.txt,0.49794793128967285
/Users/junayed/Documents/NecessaryDocs/GeorgeMasonUniversity/Research/Projects/BugLocalization/Backup/CodeUnused/BuggyProjects/bug-2/app/src/main/java/io/github/zwieback/familyfinance/business/template/listener/OnTemplateClickListener.java,../data/PreprocessedData/PreprocessedQueries/Screen-2/Preprocessed_with_Interacted_GUI_Component_IDs/query_expansion_1/bug_report_2.txt,0.4337739646434784
/Users/junayed/Documents/NecessaryDocs/GeorgeMasonUniversity/Research/Projects/BugLocalization/Backup/CodeUnused/BuggyProjects/bug-2/app/src/main/java/io/github/zwieback/familyfinance/business/template/query/TemplateQueryBuilder.java,../data/PreprocessedData/PreprocessedQueries/Screen-2/Preprocessed_with_Interacted_GUI_Component_IDs/query_expansion_1/bug_report_2.txt,0.4262884259223938
/Users/junayed/Documents/NecessaryDocs/GeorgeMasonUniversity/Research/Projects/BugLocalization/Backup/CodeUnused/BuggyProjects/bug-2/app/src/main/java/io/github/zwieback/familyfinance/business/template/exception/UnsupportedTemplateTypeException.java,../data/PreprocessedData/PreprocessedQueries/Screen-2/Preprocessed_with_Interacted_GUI_Component_IDs/query_expansion_1/bug_report_2.txt,0.42641720175743103
/Users/junayed/Documents/NecessaryDocs/GeorgeMasonUniversity/Research/Projects/BugLocalization/Backup/CodeUnused/BuggyProjects/bug-2/app/src/main/java/io/github/zwieback/familyfinance/business/template/lifecycle/destroyer/TemplateForceDestroyer.java,../data/PreprocessedData/PreprocessedQueries/Screen-2/Preprocessed_with_Interacted_GUI_Component_IDs/query_expansion_1/bug_report_2.txt,0.4718135893344879
/Users/junayed/Documents/NecessaryDocs/GeorgeMasonUniversity/Research/Projects/BugLocalization/Backup/CodeUnused/BuggyProjects/bug-2/app/src/main/java/io/github/zwieback/familyfinance/business/template/lifecycle/destroyer/TemplateFromSmsPatternsDestroyer.java,../data/PreprocessedData/PreprocessedQueries/Screen-2/Preprocessed_with_Interacted_GUI_Component_IDs/query_expansion_1/bug_report_2.txt,0.47330936789512634
/Users/junayed/Documents/NecessaryDocs/GeorgeMasonUniversity/Research/Projects/BugLocalization/Backup/CodeUnused/BuggyProjects/bug-2/app/src/main/java/io/github/zwieback/familyfinance/business/template/lifecycle/destroyer/TemplateViewDestroyer.java,../data/PreprocessedData/PreprocessedQueries/Screen-2/Preprocessed_with_Interacted_GUI_Component_IDs/query_expansion_1/bug_report_2.txt,0.5009949803352356
/Users/junayed/Documents/NecessaryDocs/GeorgeMasonUniversity/Research/Projects/BugLocalization/Backup/CodeUnused/BuggyProjects/bug-2/app/src/main/java/io/github/zwieback/familyfinance/business/template/lifecycle/creator/TemplateViewCreator.java,../data/PreprocessedData/PreprocessedQueries/Screen-2/Preprocessed_with_Interacted_GUI_Component_IDs/query_expansion_1/bug_report_2.txt,0.5298013687133789
/Users/junayed/Documents/NecessaryDocs/GeorgeMasonUniversity/Research/Projects/BugLocalization/Backup/CodeUnused/BuggyProjects/bug-2/app/src/main/java/io/github/zwieback/familyfinance/business/template/lifecycle/creator/TemplateCreator.java,../data/PreprocessedData/PreprocessedQueries/Screen-2/Preprocessed_with_Interacted_GUI_Component_IDs/query_expansion_1/bug_report_2.txt,0.5067335367202759
/Users/junayed/Documents/NecessaryDocs/GeorgeMasonUniversity/Research/Projects/BugLocalization/Backup/CodeUnused/BuggyProjects/bug-2/app/src/main/java/io/github/zwieback/familyfinance/business/account/fragment/AccountFragment.java,../data/PreprocessedData/PreprocessedQueries/Screen-2/Preprocessed_with_Interacted_GUI_Component_IDs/query_expansion_1/bug_report_2.txt,0.41457805037498474
/Users/junayed/Documents/NecessaryDocs/GeorgeMasonUniversity/Research/Projects/BugLocalization/Backup/CodeUnused/BuggyProjects/bug-2/app/src/main/java/io/github/zwieback/familyfinance/business/account/activity/AccountEditActivity.java,../data/PreprocessedData/PreprocessedQueries/Screen-2/Preprocessed_with_Interacted_GUI_Component_IDs/query_expansion_1/bug_report_2.txt,0.532396674156189
/Users/junayed/Documents/NecessaryDocs/GeorgeMasonUniversity/Research/Projects/BugLocalization/Backup/CodeUnused/BuggyProjects/bug-2/app/src/main/java/io/github/zwieback/familyfinance/business/account/activity/AccountActivity.java,../data/PreprocessedData/PreprocessedQueries/Screen-2/Preprocessed_with_Interacted_GUI_Component_IDs/query_expansion_1/bug_report_2.txt,0.5291277170181274
/Users/junayed/Documents/NecessaryDocs/GeorgeMasonUniversity/Research/Projects/BugLocalization/Backup/CodeUnused/BuggyProjects/bug-2/app/src/main/java/io/github/zwieback/familyfinance/business/account/activity/helper/AccountTypeHelper.java,../data/PreprocessedData/PreprocessedQueries/Screen-2/Preprocessed_with_Interacted_GUI_Component_IDs/query_expansion_1/bug_report_2.txt,0.48263785243034363
/Users/junayed/Documents/NecessaryDocs/GeorgeMasonUniversity/Research/Projects/BugLocalization/Backup/CodeUnused/BuggyProjects/bug-2/app/src/main/java/io/github/zwieback/familyfinance/business/account/filter/AccountFilter.java,../data/PreprocessedData/PreprocessedQueries/Screen-2/Preprocessed_with_Interacted_GUI_Component_IDs/query_expansion_1/bug_report_2.txt,0.41317349672317505
/Users/junayed/Documents/NecessaryDocs/GeorgeMasonUniversity/Research/Projects/BugLocalization/Backup/CodeUnused/BuggyProjects/bug-2/app/src/main/java/io/github/zwieback/familyfinance/business/account/adapter/AccountProvider.java,../data/PreprocessedData/PreprocessedQueries/Screen-2/Preprocessed_with_Interacted_GUI_Component_IDs/query_expansion_1/bug_report_2.txt,0.4874710440635681
/Users/junayed/Documents/NecessaryDocs/GeorgeMasonUniversity/Research/Projects/BugLocalization/Backup/CodeUnused/BuggyProjects/bug-2/app/src/main/java/io/github/zwieback/familyfinance/business/account/adapter/AccountViewProvider.java,../data/PreprocessedData/PreprocessedQueries/Screen-2/Preprocessed_with_Interacted_GUI_Component_IDs/query_expansion_1/bug_report_2.txt,0.5056681036949158
/Users/junayed/Documents/NecessaryDocs/GeorgeMasonUniversity/Research/Projects/BugLocalization/Backup/CodeUnused/BuggyProjects/bug-2/app/src/main/java/io/github/zwieback/familyfinance/business/account/adapter/AccountAdapter.java,../data/PreprocessedData/PreprocessedQueries/Screen-2/Preprocessed_with_Interacted_GUI_Component_IDs/query_expansion_1/bug_report_2.txt,0.4765620827674866
/Users/junayed/Documents/NecessaryDocs/GeorgeMasonUniversity/Research/Projects/BugLocalization/Backup/CodeUnused/BuggyProjects/bug-2/app/src/main/java/io/github/zwieback/familyfinance/business/account/adapter/calculator/AccountBalanceCalculator.java,../data/PreprocessedData/PreprocessedQueries/Screen-2/Preprocessed_with_Interacted_GUI_Component_IDs/query_expansion_1/bug_report_2.txt,0.43735140562057495
/Users/junayed/Documents/NecessaryDocs/GeorgeMasonUniversity/Research/Projects/BugLocalization/Backup/CodeUnused/BuggyProjects/bug-2/app/src/main/java/io/github/zwieback/familyfinance/business/account/adapter/calculator/DeprecatedOptimizedAccountBalanceCalculator.java,../data/PreprocessedData/PreprocessedQueries/Screen-2/Preprocessed_with_Interacted_GUI_Component_IDs/query_expansion_1/bug_report_2.txt,0.40001213550567627
/Users/junayed/Documents/NecessaryDocs/GeorgeMasonUniversity/Research/Projects/BugLocalization/Backup/CodeUnused/BuggyProjects/bug-2/app/src/main/java/io/github/zwieback/familyfinance/business/account/adapter/calculator/NonOptimizedAccountBalanceCalculator.java,../data/PreprocessedData/PreprocessedQueries/Screen-2/Preprocessed_with_Interacted_GUI_Component_IDs/query_expansion_1/bug_report_2.txt,0.46056610345840454
/Users/junayed/Documents/NecessaryDocs/GeorgeMasonUniversity/Research/Projects/BugLocalization/Backup/CodeUnused/BuggyProjects/bug-2/app/src/main/java/io/github/zwieback/familyfinance/business/account/listener/OnAccountClickListener.java,../data/PreprocessedData/PreprocessedQueries/Screen-2/Preprocessed_with_Interacted_GUI_Component_IDs/query_expansion_1/bug_report_2.txt,0.43370094895362854
/Users/junayed/Documents/NecessaryDocs/GeorgeMasonUniversity/Research/Projects/BugLocalization/Backup/CodeUnused/BuggyProjects/bug-2/app/src/main/java/io/github/zwieback/familyfinance/business/account/query/AccountQueryBuilder.java,../data/PreprocessedData/PreprocessedQueries/Screen-2/Preprocessed_with_Interacted_GUI_Component_IDs/query_expansion_1/bug_report_2.txt,0.4119638204574585
/Users/junayed/Documents/NecessaryDocs/GeorgeMasonUniversity/Research/Projects/BugLocalization/Backup/CodeUnused/BuggyProjects/bug-2/app/src/main/java/io/github/zwieback/familyfinance/business/account/lifecycle/destroyer/AccountFromIncomeOperationsDestroyer.java,../data/PreprocessedData/PreprocessedQueries/Screen-2/Preprocessed_with_Interacted_GUI_Component_IDs/query_expansion_1/bug_report_2.txt,0.47869932651519775
/Users/junayed/Documents/NecessaryDocs/GeorgeMasonUniversity/Research/Projects/BugLocalization/Backup/CodeUnused/BuggyProjects/bug-2/app/src/main/java/io/github/zwieback/familyfinance/business/account/lifecycle/destroyer/AccountFromPreferencesDestroyer.java,../data/PreprocessedData/PreprocessedQueries/Screen-2/Preprocessed_with_Interacted_GUI_Component_IDs/query_expansion_1/bug_report_2.txt,0.4482581317424774
/Users/junayed/Documents/NecessaryDocs/GeorgeMasonUniversity/Research/Projects/BugLocalization/Backup/CodeUnused/BuggyProjects/bug-2/app/src/main/java/io/github/zwieback/familyfinance/business/account/lifecycle/destroyer/AccountAsParentDestroyer.java,../data/PreprocessedData/PreprocessedQueries/Screen-2/Preprocessed_with_Interacted_GUI_Component_IDs/query_expansion_1/bug_report_2.txt,0.4398963749408722
/Users/junayed/Documents/NecessaryDocs/GeorgeMasonUniversity/Research/Projects/BugLocalization/Backup/CodeUnused/BuggyProjects/bug-2/app/src/main/java/io/github/zwieback/familyfinance/business/account/lifecycle/destroyer/AccountForceDestroyer.java,../data/PreprocessedData/PreprocessedQueries/Screen-2/Preprocessed_with_Interacted_GUI_Component_IDs/query_expansion_1/bug_report_2.txt,0.4781510829925537
/Users/junayed/Documents/NecessaryDocs/GeorgeMasonUniversity/Research/Projects/BugLocalization/Backup/CodeUnused/BuggyProjects/bug-2/app/src/main/java/io/github/zwieback/familyfinance/business/account/lifecycle/destroyer/AccountViewDestroyer.java,../data/PreprocessedData/PreprocessedQueries/Screen-2/Preprocessed_with_Interacted_GUI_Component_IDs/query_expansion_1/bug_report_2.txt,0.506305992603302
/Users/junayed/Documents/NecessaryDocs/GeorgeMasonUniversity/Research/Projects/BugLocalization/Backup/CodeUnused/BuggyProjects/bug-2/app/src/main/java/io/github/zwieback/familyfinance/business/account/lifecycle/destroyer/AccountFromTransferOperationsDestroyer.java,../data/PreprocessedData/PreprocessedQueries/Screen-2/Preprocessed_with_Interacted_GUI_Component_IDs/query_expansion_1/bug_report_2.txt,0.48961347341537476
/Users/junayed/Documents/NecessaryDocs/GeorgeMasonUniversity/Research/Projects/BugLocalization/Backup/CodeUnused/BuggyProjects/bug-2/app/src/main/java/io/github/zwieback/familyfinance/business/account/lifecycle/destroyer/AccountFromExpenseOperationsDestroyer.java,../data/PreprocessedData/PreprocessedQueries/Screen-2/Preprocessed_with_Interacted_GUI_Component_IDs/query_expansion_1/bug_report_2.txt,0.47869932651519775
/Users/junayed/Documents/NecessaryDocs/GeorgeMasonUniversity/Research/Projects/BugLocalization/Backup/CodeUnused/BuggyProjects/bug-2/app/src/main/java/io/github/zwieback/familyfinance/business/account/lifecycle/creator/AccountViewCreator.java,../data/PreprocessedData/PreprocessedQueries/Screen-2/Preprocessed_with_Interacted_GUI_Component_IDs/query_expansion_1/bug_report_2.txt,0.5284340381622314
/Users/junayed/Documents/NecessaryDocs/GeorgeMasonUniversity/Research/Projects/BugLocalization/Backup/CodeUnused/BuggyProjects/bug-2/app/src/main/java/io/github/zwieback/familyfinance/business/account/lifecycle/creator/AccountCreator.java,../data/PreprocessedData/PreprocessedQueries/Screen-2/Preprocessed_with_Interacted_GUI_Component_IDs/query_expansion_1/bug_report_2.txt,0.46031826734542847
/Users/junayed/Documents/NecessaryDocs/GeorgeMasonUniversity/Research/Projects/BugLocalization/Backup/CodeUnused/BuggyProjects/bug-2/app/src/main/java/io/github/zwieback/familyfinance/business/chart/dialog/PieChartDisplayDialog.java,../data/PreprocessedData/PreprocessedQueries/Screen-2/Preprocessed_with_Interacted_GUI_Component_IDs/query_expansion_1/bug_report_2.txt,0.5704185962677002
/Users/junayed/Documents/NecessaryDocs/GeorgeMasonUniversity/Research/Projects/BugLocalization/Backup/CodeUnused/BuggyProjects/bug-2/app/src/main/java/io/github/zwieback/familyfinance/business/chart/dialog/HorizontalBarChartDisplayDialog.java,../data/PreprocessedData/PreprocessedQueries/Screen-2/Preprocessed_with_Interacted_GUI_Component_IDs/query_expansion_1/bug_report_2.txt,0.5675373673439026
/Users/junayed/Documents/NecessaryDocs/GeorgeMasonUniversity/Research/Projects/BugLocalization/Backup/CodeUnused/BuggyProjects/bug-2/app/src/main/java/io/github/zwieback/familyfinance/business/chart/dialog/BarChartDisplayDialog.java,../data/PreprocessedData/PreprocessedQueries/Screen-2/Preprocessed_with_Interacted_GUI_Component_IDs/query_expansion_1/bug_report_2.txt,0.5683740377426147
/Users/junayed/Documents/NecessaryDocs/GeorgeMasonUniversity/Research/Projects/BugLocalization/Backup/CodeUnused/BuggyProjects/bug-2/app/src/main/java/io/github/zwieback/familyfinance/business/chart/dialog/ChartDisplayDialog.java,../data/PreprocessedData/PreprocessedQueries/Screen-2/Preprocessed_with_Interacted_GUI_Component_IDs/query_expansion_1/bug_report_2.txt,0.5954394936561584
/Users/junayed/Documents/NecessaryDocs/GeorgeMasonUniversity/Research/Projects/BugLocalization/Backup/CodeUnused/BuggyProjects/bug-2/app/src/main/java/io/github/zwieback/familyfinance/business/chart/fragment/HorizontalBarChartOfExpensesFragment.java,../data/PreprocessedData/PreprocessedQueries/Screen-2/Preprocessed_with_Interacted_GUI_Component_IDs/query_expansion_1/bug_report_2.txt,0.5716375112533569
/Users/junayed/Documents/NecessaryDocs/GeorgeMasonUniversity/Research/Projects/BugLocalization/Backup/CodeUnused/BuggyProjects/bug-2/app/src/main/java/io/github/zwieback/familyfinance/business/chart/fragment/ChartFragment.java,../data/PreprocessedData/PreprocessedQueries/Screen-2/Preprocessed_with_Interacted_GUI_Component_IDs/query_expansion_1/bug_report_2.txt,0.5279891490936279
/Users/junayed/Documents/NecessaryDocs/GeorgeMasonUniversity/Research/Projects/BugLocalization/Backup/CodeUnused/BuggyProjects/bug-2/app/src/main/java/io/github/zwieback/familyfinance/business/chart/fragment/HorizontalBarChartOfIncomesFragment.java,../data/PreprocessedData/PreprocessedQueries/Screen-2/Preprocessed_with_Interacted_GUI_Component_IDs/query_expansion_1/bug_report_2.txt,0.5549028515815735
/Users/junayed/Documents/NecessaryDocs/GeorgeMasonUniversity/Research/Projects/BugLocalization/Backup/CodeUnused/BuggyProjects/bug-2/app/src/main/java/io/github/zwieback/familyfinance/business/chart/fragment/PieChartOfIncomesFragment.java,../data/PreprocessedData/PreprocessedQueries/Screen-2/Preprocessed_with_Interacted_GUI_Component_IDs/query_expansion_1/bug_report_2.txt,0.5615671277046204
/Users/junayed/Documents/NecessaryDocs/GeorgeMasonUniversity/Research/Projects/BugLocalization/Backup/CodeUnused/BuggyProjects/bug-2/app/src/main/java/io/github/zwieback/familyfinance/business/chart/fragment/PieChartFragment.java,../data/PreprocessedData/PreprocessedQueries/Screen-2/Preprocessed_with_Interacted_GUI_Component_IDs/query_expansion_1/bug_report_2.txt,0.5508734583854675
/Users/junayed/Documents/NecessaryDocs/GeorgeMasonUniversity/Research/Projects/BugLocalization/Backup/CodeUnused/BuggyProjects/bug-2/app/src/main/java/io/github/zwieback/familyfinance/business/chart/fragment/BarChartFragment.java,../data/PreprocessedData/PreprocessedQueries/Screen-2/Preprocessed_with_Interacted_GUI_Component_IDs/query_expansion_1/bug_report_2.txt,0.5805011987686157
/Users/junayed/Documents/NecessaryDocs/GeorgeMasonUniversity/Research/Projects/BugLocalization/Backup/CodeUnused/BuggyProjects/bug-2/app/src/main/java/io/github/zwieback/familyfinance/business/chart/fragment/HorizontalBarChartFragment.java,../data/PreprocessedData/PreprocessedQueries/Screen-2/Preprocessed_with_Interacted_GUI_Component_IDs/query_expansion_1/bug_report_2.txt,0.5565023422241211
/Users/junayed/Documents/NecessaryDocs/GeorgeMasonUniversity/Research/Projects/BugLocalization/Backup/CodeUnused/BuggyProjects/bug-2/app/src/main/java/io/github/zwieback/familyfinance/business/chart/fragment/PieChartOfExpensesFragment.java,../data/PreprocessedData/PreprocessedQueries/Screen-2/Preprocessed_with_Interacted_GUI_Component_IDs/query_expansion_1/bug_report_2.txt,0.5735922455787659
/Users/junayed/Documents/NecessaryDocs/GeorgeMasonUniversity/Research/Projects/BugLocalization/Backup/CodeUnused/BuggyProjects/bug-2/app/src/main/java/io/github/zwieback/familyfinance/business/chart/marker/BarChartMarkerView.java,../data/PreprocessedData/PreprocessedQueries/Screen-2/Preprocessed_with_Interacted_GUI_Component_IDs/query_expansion_1/bug_report_2.txt,0.5677757263183594
/Users/junayed/Documents/NecessaryDocs/GeorgeMasonUniversity/Research/Projects/BugLocalization/Backup/CodeUnused/BuggyProjects/bug-2/app/src/main/java/io/github/zwieback/familyfinance/business/chart/marker/HorizontalBarChartMarkerView.java,../data/PreprocessedData/PreprocessedQueries/Screen-2/Preprocessed_with_Interacted_GUI_Component_IDs/query_expansion_1/bug_report_2.txt,0.559369683265686
/Users/junayed/Documents/NecessaryDocs/GeorgeMasonUniversity/Research/Projects/BugLocalization/Backup/CodeUnused/BuggyProjects/bug-2/app/src/main/java/io/github/zwieback/familyfinance/business/chart/marker/PieChartMarkerView.java,../data/PreprocessedData/PreprocessedQueries/Screen-2/Preprocessed_with_Interacted_GUI_Component_IDs/query_expansion_1/bug_report_2.txt,0.5582807064056396
/Users/junayed/Documents/NecessaryDocs/GeorgeMasonUniversity/Research/Projects/BugLocalization/Backup/CodeUnused/BuggyProjects/bug-2/app/src/main/java/io/github/zwieback/familyfinance/business/chart/service/grouper/OperationGrouper.java,../data/PreprocessedData/PreprocessedQueries/Screen-2/Preprocessed_with_Interacted_GUI_Component_IDs/query_expansion_1/bug_report_2.txt,0.43150269985198975
/Users/junayed/Documents/NecessaryDocs/GeorgeMasonUniversity/Research/Projects/BugLocalization/Backup/CodeUnused/BuggyProjects/bug-2/app/src/main/java/io/github/zwieback/familyfinance/business/chart/service/grouper/pie/OperationGrouperByArticle.java,../data/PreprocessedData/PreprocessedQueries/Screen-2/Preprocessed_with_Interacted_GUI_Component_IDs/query_expansion_1/bug_report_2.txt,0.5458016991615295
/Users/junayed/Documents/NecessaryDocs/GeorgeMasonUniversity/Research/Projects/BugLocalization/Backup/CodeUnused/BuggyProjects/bug-2/app/src/main/java/io/github/zwieback/familyfinance/business/chart/service/grouper/pie/OperationGrouperByArticleParent.java,../data/PreprocessedData/PreprocessedQueries/Screen-2/Preprocessed_with_Interacted_GUI_Component_IDs/query_expansion_1/bug_report_2.txt,0.5347131490707397
/Users/junayed/Documents/NecessaryDocs/GeorgeMasonUniversity/Research/Projects/BugLocalization/Backup/CodeUnused/BuggyProjects/bug-2/app/src/main/java/io/github/zwieback/familyfinance/business/chart/service/grouper/pie/PieOperationGrouper.java,../data/PreprocessedData/PreprocessedQueries/Screen-2/Preprocessed_with_Interacted_GUI_Component_IDs/query_expansion_1/bug_report_2.txt,0.5409682989120483
/Users/junayed/Documents/NecessaryDocs/GeorgeMasonUniversity/Research/Projects/BugLocalization/Backup/CodeUnused/BuggyProjects/bug-2/app/src/main/java/io/github/zwieback/familyfinance/business/chart/service/grouper/bar/OperationGrouperByWeek.java,../data/PreprocessedData/PreprocessedQueries/Screen-2/Preprocessed_with_Interacted_GUI_Component_IDs/query_expansion_1/bug_report_2.txt,0.4817221760749817
/Users/junayed/Documents/NecessaryDocs/GeorgeMasonUniversity/Research/Projects/BugLocalization/Backup/CodeUnused/BuggyProjects/bug-2/app/src/main/java/io/github/zwieback/familyfinance/business/chart/service/grouper/bar/OperationGrouperByDay.java,../data/PreprocessedData/PreprocessedQueries/Screen-2/Preprocessed_with_Interacted_GUI_Component_IDs/query_expansion_1/bug_report_2.txt,0.4566251337528229
/Users/junayed/Documents/NecessaryDocs/GeorgeMasonUniversity/Research/Projects/BugLocalization/Backup/CodeUnused/BuggyProjects/bug-2/app/src/main/java/io/github/zwieback/familyfinance/business/chart/service/grouper/bar/OperationGrouperByQuarter.java,../data/PreprocessedData/PreprocessedQueries/Screen-2/Preprocessed_with_Interacted_GUI_Component_IDs/query_expansion_1/bug_report_2.txt,0.49670976400375366
/Users/junayed/Documents/NecessaryDocs/GeorgeMasonUniversity/Research/Projects/BugLocalization/Backup/CodeUnused/BuggyProjects/bug-2/app/src/main/java/io/github/zwieback/familyfinance/business/chart/service/grouper/bar/OperationGrouperByYear.java,../data/PreprocessedData/PreprocessedQueries/Screen-2/Preprocessed_with_Interacted_GUI_Component_IDs/query_expansion_1/bug_report_2.txt,0.44100508093833923
/Users/junayed/Documents/NecessaryDocs/GeorgeMasonUniversity/Research/Projects/BugLocalization/Backup/CodeUnused/BuggyProjects/bug-2/app/src/main/java/io/github/zwieback/familyfinance/business/chart/service/grouper/bar/OperationGrouperByMonth.java,../data/PreprocessedData/PreprocessedQueries/Screen-2/Preprocessed_with_Interacted_GUI_Component_IDs/query_expansion_1/bug_report_2.txt,0.4639969766139984
/Users/junayed/Documents/NecessaryDocs/GeorgeMasonUniversity/Research/Projects/BugLocalization/Backup/CodeUnused/BuggyProjects/bug-2/app/src/main/java/io/github/zwieback/familyfinance/business/chart/service/grouper/bar/BarOperationGrouper.java,../data/PreprocessedData/PreprocessedQueries/Screen-2/Preprocessed_with_Interacted_GUI_Component_IDs/query_expansion_1/bug_report_2.txt,0.4426301121711731
/Users/junayed/Documents/NecessaryDocs/GeorgeMasonUniversity/Research/Projects/BugLocalization/Backup/CodeUnused/BuggyProjects/bug-2/app/src/main/java/io/github/zwieback/familyfinance/business/chart/service/sieve/OperationSieve.java,../data/PreprocessedData/PreprocessedQueries/Screen-2/Preprocessed_with_Interacted_GUI_Component_IDs/query_expansion_1/bug_report_2.txt,0.467316210269928
/Users/junayed/Documents/NecessaryDocs/GeorgeMasonUniversity/Research/Projects/BugLocalization/Backup/CodeUnused/BuggyProjects/bug-2/app/src/main/java/io/github/zwieback/familyfinance/business/chart/service/formatter/DayValueFormatter.java,../data/PreprocessedData/PreprocessedQueries/Screen-2/Preprocessed_with_Interacted_GUI_Component_IDs/query_expansion_1/bug_report_2.txt,0.48341861367225647
/Users/junayed/Documents/NecessaryDocs/GeorgeMasonUniversity/Research/Projects/BugLocalization/Backup/CodeUnused/BuggyProjects/bug-2/app/src/main/java/io/github/zwieback/familyfinance/business/chart/service/formatter/WeekValueFormatter.java,../data/PreprocessedData/PreprocessedQueries/Screen-2/Preprocessed_with_Interacted_GUI_Component_IDs/query_expansion_1/bug_report_2.txt,0.5192417502403259
/Users/junayed/Documents/NecessaryDocs/GeorgeMasonUniversity/Research/Projects/BugLocalization/Backup/CodeUnused/BuggyProjects/bug-2/app/src/main/java/io/github/zwieback/familyfinance/business/chart/service/formatter/YearValueFormatter.java,../data/PreprocessedData/PreprocessedQueries/Screen-2/Preprocessed_with_Interacted_GUI_Component_IDs/query_expansion_1/bug_report_2.txt,0.38526514172554016
/Users/junayed/Documents/NecessaryDocs/GeorgeMasonUniversity/Research/Projects/BugLocalization/Backup/CodeUnused/BuggyProjects/bug-2/app/src/main/java/io/github/zwieback/familyfinance/business/chart/service/formatter/MonthValueFormatter.java,../data/PreprocessedData/PreprocessedQueries/Screen-2/Preprocessed_with_Interacted_GUI_Component_IDs/query_expansion_1/bug_report_2.txt,0.48459118604660034
/Users/junayed/Documents/NecessaryDocs/GeorgeMasonUniversity/Research/Projects/BugLocalization/Backup/CodeUnused/BuggyProjects/bug-2/app/src/main/java/io/github/zwieback/familyfinance/business/chart/service/formatter/LocalizedValueFormatter.java,../data/PreprocessedData/PreprocessedQueries/Screen-2/Preprocessed_with_Interacted_GUI_Component_IDs/query_expansion_1/bug_report_2.txt,0.47474637627601624
/Users/junayed/Documents/NecessaryDocs/GeorgeMasonUniversity/Research/Projects/BugLocalization/Backup/CodeUnused/BuggyProjects/bug-2/app/src/main/java/io/github/zwieback/familyfinance/business/chart/service/formatter/QuarterValueFormatter.java,../data/PreprocessedData/PreprocessedQueries/Screen-2/Preprocessed_with_Interacted_GUI_Component_IDs/query_expansion_1/bug_report_2.txt,0.5145949721336365
/Users/junayed/Documents/NecessaryDocs/GeorgeMasonUniversity/Research/Projects/BugLocalization/Backup/CodeUnused/BuggyProjects/bug-2/app/src/main/java/io/github/zwieback/familyfinance/business/chart/service/converter/OperationConverter.java,../data/PreprocessedData/PreprocessedQueries/Screen-2/Preprocessed_with_Interacted_GUI_Component_IDs/query_expansion_1/bug_report_2.txt,0.5646194219589233
/Users/junayed/Documents/NecessaryDocs/GeorgeMasonUniversity/Research/Projects/BugLocalization/Backup/CodeUnused/BuggyProjects/bug-2/app/src/main/java/io/github/zwieback/familyfinance/business/chart/service/converter/OperationSumConverter.java,../data/PreprocessedData/PreprocessedQueries/Screen-2/Preprocessed_with_Interacted_GUI_Component_IDs/query_expansion_1/bug_report_2.txt,0.48199695348739624
/Users/junayed/Documents/NecessaryDocs/GeorgeMasonUniversity/Research/Projects/BugLocalization/Backup/CodeUnused/BuggyProjects/bug-2/app/src/main/java/io/github/zwieback/familyfinance/business/chart/service/converter/pie/OperationPieSimpleConverter.java,../data/PreprocessedData/PreprocessedQueries/Screen-2/Preprocessed_with_Interacted_GUI_Component_IDs/query_expansion_1/bug_report_2.txt,0.5556854605674744
/Users/junayed/Documents/NecessaryDocs/GeorgeMasonUniversity/Research/Projects/BugLocalization/Backup/CodeUnused/BuggyProjects/bug-2/app/src/main/java/io/github/zwieback/familyfinance/business/chart/service/converter/pie/OperationPieLimitConverter.java,../data/PreprocessedData/PreprocessedQueries/Screen-2/Preprocessed_with_Interacted_GUI_Component_IDs/query_expansion_1/bug_report_2.txt,0.5285812616348267
/Users/junayed/Documents/NecessaryDocs/GeorgeMasonUniversity/Research/Projects/BugLocalization/Backup/CodeUnused/BuggyProjects/bug-2/app/src/main/java/io/github/zwieback/familyfinance/business/chart/service/converter/bar/OperationHorizontalBarConverter.java,../data/PreprocessedData/PreprocessedQueries/Screen-2/Preprocessed_with_Interacted_GUI_Component_IDs/query_expansion_1/bug_report_2.txt,0.5135353207588196
/Users/junayed/Documents/NecessaryDocs/GeorgeMasonUniversity/Research/Projects/BugLocalization/Backup/CodeUnused/BuggyProjects/bug-2/app/src/main/java/io/github/zwieback/familyfinance/business/chart/service/converter/bar/OperationHorizontalBarPercentConverter.java,../data/PreprocessedData/PreprocessedQueries/Screen-2/Preprocessed_with_Interacted_GUI_Component_IDs/query_expansion_1/bug_report_2.txt,0.5031923055648804
/Users/junayed/Documents/NecessaryDocs/GeorgeMasonUniversity/Research/Projects/BugLocalization/Backup/CodeUnused/BuggyProjects/bug-2/app/src/main/java/io/github/zwieback/familyfinance/business/chart/service/converter/bar/OperationBarConverter.java,../data/PreprocessedData/PreprocessedQueries/Screen-2/Preprocessed_with_Interacted_GUI_Component_IDs/query_expansion_1/bug_report_2.txt,0.5229233503341675
/Users/junayed/Documents/NecessaryDocs/GeorgeMasonUniversity/Research/Projects/BugLocalization/Backup/CodeUnused/BuggyProjects/bug-2/app/src/main/java/io/github/zwieback/familyfinance/business/chart/service/builder/IdIndexMapStatefulBuilder.java,../data/PreprocessedData/PreprocessedQueries/Screen-2/Preprocessed_with_Interacted_GUI_Component_IDs/query_expansion_1/bug_report_2.txt,0.48050838708877563
/Users/junayed/Documents/NecessaryDocs/GeorgeMasonUniversity/Research/Projects/BugLocalization/Backup/CodeUnused/BuggyProjects/bug-2/app/src/main/java/io/github/zwieback/familyfinance/business/chart/adapter/ChartFragmentPagerAdapter.java,../data/PreprocessedData/PreprocessedQueries/Screen-2/Preprocessed_with_Interacted_GUI_Component_IDs/query_expansion_1/bug_report_2.txt,0.5412439703941345
/Users/junayed/Documents/NecessaryDocs/GeorgeMasonUniversity/Research/Projects/BugLocalization/Backup/CodeUnused/BuggyProjects/bug-2/app/src/main/java/io/github/zwieback/familyfinance/business/chart/display/HorizontalBarChartDisplay.java,../data/PreprocessedData/PreprocessedQueries/Screen-2/Preprocessed_with_Interacted_GUI_Component_IDs/query_expansion_1/bug_report_2.txt,0.5252761840820312
/Users/junayed/Documents/NecessaryDocs/GeorgeMasonUniversity/Research/Projects/BugLocalization/Backup/CodeUnused/BuggyProjects/bug-2/app/src/main/java/io/github/zwieback/familyfinance/business/chart/display/BarChartDisplay.java,../data/PreprocessedData/PreprocessedQueries/Screen-2/Preprocessed_with_Interacted_GUI_Component_IDs/query_expansion_1/bug_report_2.txt,0.5212973952293396
/Users/junayed/Documents/NecessaryDocs/GeorgeMasonUniversity/Research/Projects/BugLocalization/Backup/CodeUnused/BuggyProjects/bug-2/app/src/main/java/io/github/zwieback/familyfinance/business/chart/display/PieChartDisplay.java,../data/PreprocessedData/PreprocessedQueries/Screen-2/Preprocessed_with_Interacted_GUI_Component_IDs/query_expansion_1/bug_report_2.txt,0.5212314128875732
/Users/junayed/Documents/NecessaryDocs/GeorgeMasonUniversity/Research/Projects/BugLocalization/Backup/CodeUnused/BuggyProjects/bug-2/app/src/main/java/io/github/zwieback/familyfinance/business/chart/display/ChartDisplay.java,../data/PreprocessedData/PreprocessedQueries/Screen-2/Preprocessed_with_Interacted_GUI_Component_IDs/query_expansion_1/bug_report_2.txt,0.5086036324501038
/Users/junayed/Documents/NecessaryDocs/GeorgeMasonUniversity/Research/Projects/BugLocalization/Backup/CodeUnused/BuggyProjects/bug-2/app/src/main/java/io/github/zwieback/familyfinance/business/chart/display/type/BarChartGroupType.java,../data/PreprocessedData/PreprocessedQueries/Screen-2/Preprocessed_with_Interacted_GUI_Component_IDs/query_expansion_1/bug_report_2.txt,0.4290156662464142
/Users/junayed/Documents/NecessaryDocs/GeorgeMasonUniversity/Research/Projects/BugLocalization/Backup/CodeUnused/BuggyProjects/bug-2/app/src/main/java/io/github/zwieback/familyfinance/business/chart/display/type/PieChartGroupByType.java,../data/PreprocessedData/PreprocessedQueries/Screen-2/Preprocessed_with_Interacted_GUI_Component_IDs/query_expansion_1/bug_report_2.txt,0.40199947357177734
/Users/junayed/Documents/NecessaryDocs/GeorgeMasonUniversity/Research/Projects/BugLocalization/Backup/CodeUnused/BuggyProjects/bug-2/app/src/main/java/io/github/zwieback/familyfinance/business/chart/display/type/PieChartGroupingType.java,../data/PreprocessedData/PreprocessedQueries/Screen-2/Preprocessed_with_Interacted_GUI_Component_IDs/query_expansion_1/bug_report_2.txt,0.36203357577323914
/Users/junayed/Documents/NecessaryDocs/GeorgeMasonUniversity/Research/Projects/BugLocalization/Backup/CodeUnused/BuggyProjects/bug-2/app/src/main/java/io/github/zwieback/familyfinance/business/chart/display/type/HorizontalBarChartGroupByType.java,../data/PreprocessedData/PreprocessedQueries/Screen-2/Preprocessed_with_Interacted_GUI_Component_IDs/query_expansion_1/bug_report_2.txt,0.3917608857154846
/Users/junayed/Documents/NecessaryDocs/GeorgeMasonUniversity/Research/Projects/BugLocalization/Backup/CodeUnused/BuggyProjects/bug-2/app/src/main/java/io/github/zwieback/familyfinance/business/chart/listener/ChartDisplayListener.java,../data/PreprocessedData/PreprocessedQueries/Screen-2/Preprocessed_with_Interacted_GUI_Component_IDs/query_expansion_1/bug_report_2.txt,0.4363096356391907
/Users/junayed/Documents/NecessaryDocs/GeorgeMasonUniversity/Research/Projects/BugLocalization/Backup/CodeUnused/BuggyProjects/bug-2/app/src/main/java/io/github/zwieback/familyfinance/business/chart/exception/UnsupportedPieChartGroupingTypeException.java,../data/PreprocessedData/PreprocessedQueries/Screen-2/Preprocessed_with_Interacted_GUI_Component_IDs/query_expansion_1/bug_report_2.txt,0.41479089856147766
/Users/junayed/Documents/NecessaryDocs/GeorgeMasonUniversity/Research/Projects/BugLocalization/Backup/CodeUnused/BuggyProjects/bug-2/app/src/main/java/io/github/zwieback/familyfinance/business/chart/exception/UnsupportedHorizontalBarChartGroupByTypeException.java,../data/PreprocessedData/PreprocessedQueries/Screen-2/Preprocessed_with_Interacted_GUI_Component_IDs/query_expansion_1/bug_report_2.txt,0.40875479578971863
/Users/junayed/Documents/NecessaryDocs/GeorgeMasonUniversity/Research/Projects/BugLocalization/Backup/CodeUnused/BuggyProjects/bug-2/app/src/main/java/io/github/zwieback/familyfinance/business/chart/exception/UnsupportedBarChartGroupTypeException.java,../data/PreprocessedData/PreprocessedQueries/Screen-2/Preprocessed_with_Interacted_GUI_Component_IDs/query_expansion_1/bug_report_2.txt,0.394037663936615
/Users/junayed/Documents/NecessaryDocs/GeorgeMasonUniversity/Research/Projects/BugLocalization/Backup/CodeUnused/BuggyProjects/bug-2/app/src/main/java/io/github/zwieback/familyfinance/business/chart/exception/UnsupportedPieChartGroupByTypeException.java,../data/PreprocessedData/PreprocessedQueries/Screen-2/Preprocessed_with_Interacted_GUI_Component_IDs/query_expansion_1/bug_report_2.txt,0.4141474664211273
/Users/junayed/Documents/NecessaryDocs/GeorgeMasonUniversity/Research/Projects/BugLocalization/Backup/CodeUnused/BuggyProjects/bug-2/app/src/main/java/io/github/zwieback/familyfinance/business/dashboard/activity/drawer/DrawerCreator.java,../data/PreprocessedData/PreprocessedQueries/Screen-2/Preprocessed_with_Interacted_GUI_Component_IDs/query_expansion_1/bug_report_2.txt,0.5297619700431824
/Users/junayed/Documents/NecessaryDocs/GeorgeMasonUniversity/Research/Projects/BugLocalization/Backup/CodeUnused/BuggyProjects/bug-2/app/src/main/java/io/github/zwieback/familyfinance/business/sms_pattern/fragment/SmsPatternFragment.java,../data/PreprocessedData/PreprocessedQueries/Screen-2/Preprocessed_with_Interacted_GUI_Component_IDs/query_expansion_1/bug_report_2.txt,0.43924272060394287
/Users/junayed/Documents/NecessaryDocs/GeorgeMasonUniversity/Research/Projects/BugLocalization/Backup/CodeUnused/BuggyProjects/bug-2/app/src/main/java/io/github/zwieback/familyfinance/business/sms_pattern/activity/SmsPatternActivity.java,../data/PreprocessedData/PreprocessedQueries/Screen-2/Preprocessed_with_Interacted_GUI_Component_IDs/query_expansion_1/bug_report_2.txt,0.5724016427993774
/Users/junayed/Documents/NecessaryDocs/GeorgeMasonUniversity/Research/Projects/BugLocalization/Backup/CodeUnused/BuggyProjects/bug-2/app/src/main/java/io/github/zwieback/familyfinance/business/sms_pattern/activity/SmsPatternEditActivity.java,../data/PreprocessedData/PreprocessedQueries/Screen-2/Preprocessed_with_Interacted_GUI_Component_IDs/query_expansion_1/bug_report_2.txt,0.5230914354324341
/Users/junayed/Documents/NecessaryDocs/GeorgeMasonUniversity/Research/Projects/BugLocalization/Backup/CodeUnused/BuggyProjects/bug-2/app/src/main/java/io/github/zwieback/familyfinance/business/sms_pattern/filter/SmsPatternFilter.java,../data/PreprocessedData/PreprocessedQueries/Screen-2/Preprocessed_with_Interacted_GUI_Component_IDs/query_expansion_1/bug_report_2.txt,0.38932397961616516
/Users/junayed/Documents/NecessaryDocs/GeorgeMasonUniversity/Research/Projects/BugLocalization/Backup/CodeUnused/BuggyProjects/bug-2/app/src/main/java/io/github/zwieback/familyfinance/business/sms_pattern/adapter/SmsPatternProvider.java,../data/PreprocessedData/PreprocessedQueries/Screen-2/Preprocessed_with_Interacted_GUI_Component_IDs/query_expansion_1/bug_report_2.txt,0.47484496235847473
/Users/junayed/Documents/NecessaryDocs/GeorgeMasonUniversity/Research/Projects/BugLocalization/Backup/CodeUnused/BuggyProjects/bug-2/app/src/main/java/io/github/zwieback/familyfinance/business/sms_pattern/adapter/SmsPatternViewProvider.java,../data/PreprocessedData/PreprocessedQueries/Screen-2/Preprocessed_with_Interacted_GUI_Component_IDs/query_expansion_1/bug_report_2.txt,0.49501436948776245
/Users/junayed/Documents/NecessaryDocs/GeorgeMasonUniversity/Research/Projects/BugLocalization/Backup/CodeUnused/BuggyProjects/bug-2/app/src/main/java/io/github/zwieback/familyfinance/business/sms_pattern/adapter/SmsPatternAdapter.java,../data/PreprocessedData/PreprocessedQueries/Screen-2/Preprocessed_with_Interacted_GUI_Component_IDs/query_expansion_1/bug_report_2.txt,0.5229756832122803
/Users/junayed/Documents/NecessaryDocs/GeorgeMasonUniversity/Research/Projects/BugLocalization/Backup/CodeUnused/BuggyProjects/bug-2/app/src/main/java/io/github/zwieback/familyfinance/business/sms_pattern/listener/OnSmsPatternClickListener.java,../data/PreprocessedData/PreprocessedQueries/Screen-2/Preprocessed_with_Interacted_GUI_Component_IDs/query_expansion_1/bug_report_2.txt,0.44993045926094055
/Users/junayed/Documents/NecessaryDocs/GeorgeMasonUniversity/Research/Projects/BugLocalization/Backup/CodeUnused/BuggyProjects/bug-2/app/src/main/java/io/github/zwieback/familyfinance/business/sms_pattern/query/SmsPatternQueryBuilder.java,../data/PreprocessedData/PreprocessedQueries/Screen-2/Preprocessed_with_Interacted_GUI_Component_IDs/query_expansion_1/bug_report_2.txt,0.4484463632106781
/Users/junayed/Documents/NecessaryDocs/GeorgeMasonUniversity/Research/Projects/BugLocalization/Backup/CodeUnused/BuggyProjects/bug-2/app/src/main/java/io/github/zwieback/familyfinance/business/sms_pattern/lifecycle/destroyer/SmsPatternForceDestroyer.java,../data/PreprocessedData/PreprocessedQueries/Screen-2/Preprocessed_with_Interacted_GUI_Component_IDs/query_expansion_1/bug_report_2.txt,0.49544209241867065
/Users/junayed/Documents/NecessaryDocs/GeorgeMasonUniversity/Research/Projects/BugLocalization/Backup/CodeUnused/BuggyProjects/bug-2/app/src/main/java/io/github/zwieback/familyfinance/business/sms_pattern/lifecycle/destroyer/SmsPatternViewDestroyer.java,../data/PreprocessedData/PreprocessedQueries/Screen-2/Preprocessed_with_Interacted_GUI_Component_IDs/query_expansion_1/bug_report_2.txt,0.5310963988304138
/Users/junayed/Documents/NecessaryDocs/GeorgeMasonUniversity/Research/Projects/BugLocalization/Backup/CodeUnused/BuggyProjects/bug-2/app/src/main/java/io/github/zwieback/familyfinance/business/sms_pattern/lifecycle/creator/SmsPatternCreator.java,../data/PreprocessedData/PreprocessedQueries/Screen-2/Preprocessed_with_Interacted_GUI_Component_IDs/query_expansion_1/bug_report_2.txt,0.5144470930099487
/Users/junayed/Documents/NecessaryDocs/GeorgeMasonUniversity/Research/Projects/BugLocalization/Backup/CodeUnused/BuggyProjects/bug-2/app/src/main/java/io/github/zwieback/familyfinance/business/sms_pattern/lifecycle/creator/SmsPatternViewCreator.java,../data/PreprocessedData/PreprocessedQueries/Screen-2/Preprocessed_with_Interacted_GUI_Component_IDs/query_expansion_1/bug_report_2.txt,0.5421708822250366
/Users/junayed/Documents/NecessaryDocs/GeorgeMasonUniversity/Research/Projects/BugLocalization/Backup/CodeUnused/BuggyProjects/bug-2/app/src/main/java/io/github/zwieback/familyfinance/business/currency/fragment/CurrencyFragment.java,../data/PreprocessedData/PreprocessedQueries/Screen-2/Preprocessed_with_Interacted_GUI_Component_IDs/query_expansion_1/bug_report_2.txt,0.41423147916793823
/Users/junayed/Documents/NecessaryDocs/GeorgeMasonUniversity/Research/Projects/BugLocalization/Backup/CodeUnused/BuggyProjects/bug-2/app/src/main/java/io/github/zwieback/familyfinance/business/currency/activity/CurrencyActivity.java,../data/PreprocessedData/PreprocessedQueries/Screen-2/Preprocessed_with_Interacted_GUI_Component_IDs/query_expansion_1/bug_report_2.txt,0.5368165969848633
/Users/junayed/Documents/NecessaryDocs/GeorgeMasonUniversity/Research/Projects/BugLocalization/Backup/CodeUnused/BuggyProjects/bug-2/app/src/main/java/io/github/zwieback/familyfinance/business/currency/activity/CurrencyEditActivity.java,../data/PreprocessedData/PreprocessedQueries/Screen-2/Preprocessed_with_Interacted_GUI_Component_IDs/query_expansion_1/bug_report_2.txt,0.4574384093284607
/Users/junayed/Documents/NecessaryDocs/GeorgeMasonUniversity/Research/Projects/BugLocalization/Backup/CodeUnused/BuggyProjects/bug-2/app/src/main/java/io/github/zwieback/familyfinance/business/currency/filter/CurrencyFilter.java,../data/PreprocessedData/PreprocessedQueries/Screen-2/Preprocessed_with_Interacted_GUI_Component_IDs/query_expansion_1/bug_report_2.txt,0.3517265319824219
/Users/junayed/Documents/NecessaryDocs/GeorgeMasonUniversity/Research/Projects/BugLocalization/Backup/CodeUnused/BuggyProjects/bug-2/app/src/main/java/io/github/zwieback/familyfinance/business/currency/adapter/CurrencyViewProvider.java,../data/PreprocessedData/PreprocessedQueries/Screen-2/Preprocessed_with_Interacted_GUI_Component_IDs/query_expansion_1/bug_report_2.txt,0.49583667516708374
/Users/junayed/Documents/NecessaryDocs/GeorgeMasonUniversity/Research/Projects/BugLocalization/Backup/CodeUnused/BuggyProjects/bug-2/app/src/main/java/io/github/zwieback/familyfinance/business/currency/adapter/CurrencyAdapter.java,../data/PreprocessedData/PreprocessedQueries/Screen-2/Preprocessed_with_Interacted_GUI_Component_IDs/query_expansion_1/bug_report_2.txt,0.48560968041419983
/Users/junayed/Documents/NecessaryDocs/GeorgeMasonUniversity/Research/Projects/BugLocalization/Backup/CodeUnused/BuggyProjects/bug-2/app/src/main/java/io/github/zwieback/familyfinance/business/currency/adapter/CurrencyProvider.java,../data/PreprocessedData/PreprocessedQueries/Screen-2/Preprocessed_with_Interacted_GUI_Component_IDs/query_expansion_1/bug_report_2.txt,0.4716620445251465
/Users/junayed/Documents/NecessaryDocs/GeorgeMasonUniversity/Research/Projects/BugLocalization/Backup/CodeUnused/BuggyProjects/bug-2/app/src/main/java/io/github/zwieback/familyfinance/business/currency/listener/OnCurrencyClickListener.java,../data/PreprocessedData/PreprocessedQueries/Screen-2/Preprocessed_with_Interacted_GUI_Component_IDs/query_expansion_1/bug_report_2.txt,0.42477598786354065
/Users/junayed/Documents/NecessaryDocs/GeorgeMasonUniversity/Research/Projects/BugLocalization/Backup/CodeUnused/BuggyProjects/bug-2/app/src/main/java/io/github/zwieback/familyfinance/business/currency/query/CurrencyQueryBuilder.java,../data/PreprocessedData/PreprocessedQueries/Screen-2/Preprocessed_with_Interacted_GUI_Component_IDs/query_expansion_1/bug_report_2.txt,0.424273818731308
/Users/junayed/Documents/NecessaryDocs/GeorgeMasonUniversity/Research/Projects/BugLocalization/Backup/CodeUnused/BuggyProjects/bug-2/app/src/main/java/io/github/zwieback/familyfinance/business/currency/lifecycle/destroyer/CurrencyForceDestroyer.java,../data/PreprocessedData/PreprocessedQueries/Screen-2/Preprocessed_with_Interacted_GUI_Component_IDs/query_expansion_1/bug_report_2.txt,0.47059857845306396
/Users/junayed/Documents/NecessaryDocs/GeorgeMasonUniversity/Research/Projects/BugLocalization/Backup/CodeUnused/BuggyProjects/bug-2/app/src/main/java/io/github/zwieback/familyfinance/business/currency/lifecycle/destroyer/CurrencyFromPreferencesDestroyer.java,../data/PreprocessedData/PreprocessedQueries/Screen-2/Preprocessed_with_Interacted_GUI_Component_IDs/query_expansion_1/bug_report_2.txt,0.4545965790748596
/Users/junayed/Documents/NecessaryDocs/GeorgeMasonUniversity/Research/Projects/BugLocalization/Backup/CodeUnused/BuggyProjects/bug-2/app/src/main/java/io/github/zwieback/familyfinance/business/currency/lifecycle/destroyer/CurrencyFromExchangeRatesDestroyer.java,../data/PreprocessedData/PreprocessedQueries/Screen-2/Preprocessed_with_Interacted_GUI_Component_IDs/query_expansion_1/bug_report_2.txt,0.4491661489009857
/Users/junayed/Documents/NecessaryDocs/GeorgeMasonUniversity/Research/Projects/BugLocalization/Backup/CodeUnused/BuggyProjects/bug-2/app/src/main/java/io/github/zwieback/familyfinance/business/currency/lifecycle/destroyer/CurrencyFromAccountsDestroyer.java,../data/PreprocessedData/PreprocessedQueries/Screen-2/Preprocessed_with_Interacted_GUI_Component_IDs/query_expansion_1/bug_report_2.txt,0.45442071557044983
/Users/junayed/Documents/NecessaryDocs/GeorgeMasonUniversity/Research/Projects/BugLocalization/Backup/CodeUnused/BuggyProjects/bug-2/app/src/main/java/io/github/zwieback/familyfinance/business/currency/lifecycle/creator/CurrencyViewCreator.java,../data/PreprocessedData/PreprocessedQueries/Screen-2/Preprocessed_with_Interacted_GUI_Component_IDs/query_expansion_1/bug_report_2.txt,0.5331874489784241
/Users/junayed/Documents/NecessaryDocs/GeorgeMasonUniversity/Research/Projects/BugLocalization/Backup/CodeUnused/BuggyProjects/bug-2/app/src/main/java/io/github/zwieback/familyfinance/business/currency/lifecycle/creator/CurrencyCreator.java,../data/PreprocessedData/PreprocessedQueries/Screen-2/Preprocessed_with_Interacted_GUI_Component_IDs/query_expansion_1/bug_report_2.txt,0.4722316861152649
/Users/junayed/Documents/NecessaryDocs/GeorgeMasonUniversity/Research/Projects/BugLocalization/Backup/CodeUnused/BuggyProjects/bug-2/app/src/main/java/io/github/zwieback/familyfinance/business/person/fragment/PersonFragment.java,../data/PreprocessedData/PreprocessedQueries/Screen-2/Preprocessed_with_Interacted_GUI_Component_IDs/query_expansion_1/bug_report_2.txt,0.4369647800922394
/Users/junayed/Documents/NecessaryDocs/GeorgeMasonUniversity/Research/Projects/BugLocalization/Backup/CodeUnused/BuggyProjects/bug-2/app/src/main/java/io/github/zwieback/familyfinance/business/person/activity/PersonEditActivity.java,../data/PreprocessedData/PreprocessedQueries/Screen-2/Preprocessed_with_Interacted_GUI_Component_IDs/query_expansion_1/bug_report_2.txt,0.49030935764312744
/Users/junayed/Documents/NecessaryDocs/GeorgeMasonUniversity/Research/Projects/BugLocalization/Backup/CodeUnused/BuggyProjects/bug-2/app/src/main/java/io/github/zwieback/familyfinance/business/person/activity/PersonActivity.java,../data/PreprocessedData/PreprocessedQueries/Screen-2/Preprocessed_with_Interacted_GUI_Component_IDs/query_expansion_1/bug_report_2.txt,0.5350787043571472
/Users/junayed/Documents/NecessaryDocs/GeorgeMasonUniversity/Research/Projects/BugLocalization/Backup/CodeUnused/BuggyProjects/bug-2/app/src/main/java/io/github/zwieback/familyfinance/business/person/filter/PersonFilter.java,../data/PreprocessedData/PreprocessedQueries/Screen-2/Preprocessed_with_Interacted_GUI_Component_IDs/query_expansion_1/bug_report_2.txt,0.36116164922714233
/Users/junayed/Documents/NecessaryDocs/GeorgeMasonUniversity/Research/Projects/BugLocalization/Backup/CodeUnused/BuggyProjects/bug-2/app/src/main/java/io/github/zwieback/familyfinance/business/person/adapter/PersonAdapter.java,../data/PreprocessedData/PreprocessedQueries/Screen-2/Preprocessed_with_Interacted_GUI_Component_IDs/query_expansion_1/bug_report_2.txt,0.5105987191200256
/Users/junayed/Documents/NecessaryDocs/GeorgeMasonUniversity/Research/Projects/BugLocalization/Backup/CodeUnused/BuggyProjects/bug-2/app/src/main/java/io/github/zwieback/familyfinance/business/person/adapter/PersonViewProvider.java,../data/PreprocessedData/PreprocessedQueries/Screen-2/Preprocessed_with_Interacted_GUI_Component_IDs/query_expansion_1/bug_report_2.txt,0.5003912448883057
/Users/junayed/Documents/NecessaryDocs/GeorgeMasonUniversity/Research/Projects/BugLocalization/Backup/CodeUnused/BuggyProjects/bug-2/app/src/main/java/io/github/zwieback/familyfinance/business/person/adapter/PersonProvider.java,../data/PreprocessedData/PreprocessedQueries/Screen-2/Preprocessed_with_Interacted_GUI_Component_IDs/query_expansion_1/bug_report_2.txt,0.47612643241882324
/Users/junayed/Documents/NecessaryDocs/GeorgeMasonUniversity/Research/Projects/BugLocalization/Backup/CodeUnused/BuggyProjects/bug-2/app/src/main/java/io/github/zwieback/familyfinance/business/person/listener/OnPersonClickListener.java,../data/PreprocessedData/PreprocessedQueries/Screen-2/Preprocessed_with_Interacted_GUI_Component_IDs/query_expansion_1/bug_report_2.txt,0.4356776773929596
/Users/junayed/Documents/NecessaryDocs/GeorgeMasonUniversity/Research/Projects/BugLocalization/Backup/CodeUnused/BuggyProjects/bug-2/app/src/main/java/io/github/zwieback/familyfinance/business/person/query/PersonQueryBuilder.java,../data/PreprocessedData/PreprocessedQueries/Screen-2/Preprocessed_with_Interacted_GUI_Component_IDs/query_expansion_1/bug_report_2.txt,0.4361955523490906
/Users/junayed/Documents/NecessaryDocs/GeorgeMasonUniversity/Research/Projects/BugLocalization/Backup/CodeUnused/BuggyProjects/bug-2/app/src/main/java/io/github/zwieback/familyfinance/business/person/lifecycle/destroyer/PersonFromPreferencesDestroyer.java,../data/PreprocessedData/PreprocessedQueries/Screen-2/Preprocessed_with_Interacted_GUI_Component_IDs/query_expansion_1/bug_report_2.txt,0.44912850856781006
/Users/junayed/Documents/NecessaryDocs/GeorgeMasonUniversity/Research/Projects/BugLocalization/Backup/CodeUnused/BuggyProjects/bug-2/app/src/main/java/io/github/zwieback/familyfinance/business/person/lifecycle/destroyer/PersonForceDestroyer.java,../data/PreprocessedData/PreprocessedQueries/Screen-2/Preprocessed_with_Interacted_GUI_Component_IDs/query_expansion_1/bug_report_2.txt,0.49040982127189636
/Users/junayed/Documents/NecessaryDocs/GeorgeMasonUniversity/Research/Projects/BugLocalization/Backup/CodeUnused/BuggyProjects/bug-2/app/src/main/java/io/github/zwieback/familyfinance/business/person/lifecycle/destroyer/PersonFromExpenseOperationsDestroyer.java,../data/PreprocessedData/PreprocessedQueries/Screen-2/Preprocessed_with_Interacted_GUI_Component_IDs/query_expansion_1/bug_report_2.txt,0.4928872883319855
/Users/junayed/Documents/NecessaryDocs/GeorgeMasonUniversity/Research/Projects/BugLocalization/Backup/CodeUnused/BuggyProjects/bug-2/app/src/main/java/io/github/zwieback/familyfinance/business/person/lifecycle/destroyer/PersonFromTransferOperationsDestroyer.java,../data/PreprocessedData/PreprocessedQueries/Screen-2/Preprocessed_with_Interacted_GUI_Component_IDs/query_expansion_1/bug_report_2.txt,0.4931528866291046
/Users/junayed/Documents/NecessaryDocs/GeorgeMasonUniversity/Research/Projects/BugLocalization/Backup/CodeUnused/BuggyProjects/bug-2/app/src/main/java/io/github/zwieback/familyfinance/business/person/lifecycle/destroyer/PersonAsParentDestroyer.java,../data/PreprocessedData/PreprocessedQueries/Screen-2/Preprocessed_with_Interacted_GUI_Component_IDs/query_expansion_1/bug_report_2.txt,0.44410279393196106
/Users/junayed/Documents/NecessaryDocs/GeorgeMasonUniversity/Research/Projects/BugLocalization/Backup/CodeUnused/BuggyProjects/bug-2/app/src/main/java/io/github/zwieback/familyfinance/business/person/lifecycle/destroyer/PersonFromIncomeOperationsDestroyer.java,../data/PreprocessedData/PreprocessedQueries/Screen-2/Preprocessed_with_Interacted_GUI_Component_IDs/query_expansion_1/bug_report_2.txt,0.4928872883319855
/Users/junayed/Documents/NecessaryDocs/GeorgeMasonUniversity/Research/Projects/BugLocalization/Backup/CodeUnused/BuggyProjects/bug-2/app/src/main/java/io/github/zwieback/familyfinance/business/person/lifecycle/destroyer/PersonFromAccountsDestroyer.java,../data/PreprocessedData/PreprocessedQueries/Screen-2/Preprocessed_with_Interacted_GUI_Component_IDs/query_expansion_1/bug_report_2.txt,0.4672447144985199
/Users/junayed/Documents/NecessaryDocs/GeorgeMasonUniversity/Research/Projects/BugLocalization/Backup/CodeUnused/BuggyProjects/bug-2/app/src/main/java/io/github/zwieback/familyfinance/business/person/lifecycle/creator/PersonCreator.java,../data/PreprocessedData/PreprocessedQueries/Screen-2/Preprocessed_with_Interacted_GUI_Component_IDs/query_expansion_1/bug_report_2.txt,0.46724939346313477
/Users/junayed/Documents/NecessaryDocs/GeorgeMasonUniversity/Research/Projects/BugLocalization/Backup/CodeUnused/BuggyProjects/bug-2/app/src/main/java/io/github/zwieback/familyfinance/business/person/lifecycle/creator/PersonViewCreator.java,../data/PreprocessedData/PreprocessedQueries/Screen-2/Preprocessed_with_Interacted_GUI_Component_IDs/query_expansion_1/bug_report_2.txt,0.530699610710144
/Users/junayed/Documents/NecessaryDocs/GeorgeMasonUniversity/Research/Projects/BugLocalization/Backup/CodeUnused/BuggyProjects/bug-2/app/src/main/java/io/github/zwieback/familyfinance/business/preference/fragment/SettingsFragment.java,../data/PreprocessedData/PreprocessedQueries/Screen-2/Preprocessed_with_Interacted_GUI_Component_IDs/query_expansion_1/bug_report_2.txt,0.49079519510269165
/Users/junayed/Documents/NecessaryDocs/GeorgeMasonUniversity/Research/Projects/BugLocalization/Backup/CodeUnused/BuggyProjects/bug-2/app/src/main/java/io/github/zwieback/familyfinance/business/preference/activity/SettingsActivity.java,../data/PreprocessedData/PreprocessedQueries/Screen-2/Preprocessed_with_Interacted_GUI_Component_IDs/query_expansion_1/bug_report_2.txt,0.48855680227279663
/Users/junayed/Documents/NecessaryDocs/GeorgeMasonUniversity/Research/Projects/BugLocalization/Backup/CodeUnused/BuggyProjects/bug-2/app/src/main/java/io/github/zwieback/familyfinance/business/preference/custom/backup/BackupPathPreference.java,../data/PreprocessedData/PreprocessedQueries/Screen-2/Preprocessed_with_Interacted_GUI_Component_IDs/query_expansion_1/bug_report_2.txt,0.5020009279251099
/Users/junayed/Documents/NecessaryDocs/GeorgeMasonUniversity/Research/Projects/BugLocalization/Backup/CodeUnused/BuggyProjects/bug-2/app/src/main/java/io/github/zwieback/familyfinance/business/preference/custom/interface_/ShowBalanceOnOperationScreensPreference.java,../data/PreprocessedData/PreprocessedQueries/Screen-2/Preprocessed_with_Interacted_GUI_Component_IDs/query_expansion_1/bug_report_2.txt,0.5612012147903442
/Users/junayed/Documents/NecessaryDocs/GeorgeMasonUniversity/Research/Projects/BugLocalization/Backup/CodeUnused/BuggyProjects/bug-2/app/src/main/java/io/github/zwieback/familyfinance/business/preference/custom/database/ArticlePreference.java,../data/PreprocessedData/PreprocessedQueries/Screen-2/Preprocessed_with_Interacted_GUI_Component_IDs/query_expansion_1/bug_report_2.txt,0.5159102082252502
/Users/junayed/Documents/NecessaryDocs/GeorgeMasonUniversity/Research/Projects/BugLocalization/Backup/CodeUnused/BuggyProjects/bug-2/app/src/main/java/io/github/zwieback/familyfinance/business/preference/custom/database/PersonPreference.java,../data/PreprocessedData/PreprocessedQueries/Screen-2/Preprocessed_with_Interacted_GUI_Component_IDs/query_expansion_1/bug_report_2.txt,0.48873603343963623
/Users/junayed/Documents/NecessaryDocs/GeorgeMasonUniversity/Research/Projects/BugLocalization/Backup/CodeUnused/BuggyProjects/bug-2/app/src/main/java/io/github/zwieback/familyfinance/business/preference/custom/database/ExpensesArticlePreference.java,../data/PreprocessedData/PreprocessedQueries/Screen-2/Preprocessed_with_Interacted_GUI_Component_IDs/query_expansion_1/bug_report_2.txt,0.5277091860771179
/Users/junayed/Documents/NecessaryDocs/GeorgeMasonUniversity/Research/Projects/BugLocalization/Backup/CodeUnused/BuggyProjects/bug-2/app/src/main/java/io/github/zwieback/familyfinance/business/preference/custom/database/TransferArticlePreference.java,../data/PreprocessedData/PreprocessedQueries/Screen-2/Preprocessed_with_Interacted_GUI_Component_IDs/query_expansion_1/bug_report_2.txt,0.5449431538581848
/Users/junayed/Documents/NecessaryDocs/GeorgeMasonUniversity/Research/Projects/BugLocalization/Backup/CodeUnused/BuggyProjects/bug-2/app/src/main/java/io/github/zwieback/familyfinance/business/preference/custom/database/CurrencyPreference.java,../data/PreprocessedData/PreprocessedQueries/Screen-2/Preprocessed_with_Interacted_GUI_Component_IDs/query_expansion_1/bug_report_2.txt,0.49443572759628296
/Users/junayed/Documents/NecessaryDocs/GeorgeMasonUniversity/Research/Projects/BugLocalization/Backup/CodeUnused/BuggyProjects/bug-2/app/src/main/java/io/github/zwieback/familyfinance/business/preference/custom/database/AccountPreference.java,../data/PreprocessedData/PreprocessedQueries/Screen-2/Preprocessed_with_Interacted_GUI_Component_IDs/query_expansion_1/bug_report_2.txt,0.46565598249435425
/Users/junayed/Documents/NecessaryDocs/GeorgeMasonUniversity/Research/Projects/BugLocalization/Backup/CodeUnused/BuggyProjects/bug-2/app/src/main/java/io/github/zwieback/familyfinance/business/preference/custom/database/IncomesArticlePreference.java,../data/PreprocessedData/PreprocessedQueries/Screen-2/Preprocessed_with_Interacted_GUI_Component_IDs/query_expansion_1/bug_report_2.txt,0.5598003268241882
/Users/junayed/Documents/NecessaryDocs/GeorgeMasonUniversity/Research/Projects/BugLocalization/Backup/CodeUnused/BuggyProjects/bug-2/app/src/main/java/io/github/zwieback/familyfinance/business/operation/dialog/ExpenseOperationFilterDialog.java,../data/PreprocessedData/PreprocessedQueries/Screen-2/Preprocessed_with_Interacted_GUI_Component_IDs/query_expansion_1/bug_report_2.txt,0.5502803325653076
/Users/junayed/Documents/NecessaryDocs/GeorgeMasonUniversity/Research/Projects/BugLocalization/Backup/CodeUnused/BuggyProjects/bug-2/app/src/main/java/io/github/zwieback/familyfinance/business/operation/dialog/FlowOfFundsOperationFilterDialog.java,../data/PreprocessedData/PreprocessedQueries/Screen-2/Preprocessed_with_Interacted_GUI_Component_IDs/query_expansion_1/bug_report_2.txt,0.5612055063247681
/Users/junayed/Documents/NecessaryDocs/GeorgeMasonUniversity/Research/Projects/BugLocalization/Backup/CodeUnused/BuggyProjects/bug-2/app/src/main/java/io/github/zwieback/familyfinance/business/operation/dialog/OperationWithArticleFilterDialog.java,../data/PreprocessedData/PreprocessedQueries/Screen-2/Preprocessed_with_Interacted_GUI_Component_IDs/query_expansion_1/bug_report_2.txt,0.5107686519622803
/Users/junayed/Documents/NecessaryDocs/GeorgeMasonUniversity/Research/Projects/BugLocalization/Backup/CodeUnused/BuggyProjects/bug-2/app/src/main/java/io/github/zwieback/familyfinance/business/operation/dialog/IncomeOperationFilterDialog.java,../data/PreprocessedData/PreprocessedQueries/Screen-2/Preprocessed_with_Interacted_GUI_Component_IDs/query_expansion_1/bug_report_2.txt,0.5395762920379639
/Users/junayed/Documents/NecessaryDocs/GeorgeMasonUniversity/Research/Projects/BugLocalization/Backup/CodeUnused/BuggyProjects/bug-2/app/src/main/java/io/github/zwieback/familyfinance/business/operation/dialog/OperationFilterDialog.java,../data/PreprocessedData/PreprocessedQueries/Screen-2/Preprocessed_with_Interacted_GUI_Component_IDs/query_expansion_1/bug_report_2.txt,0.5441398620605469
/Users/junayed/Documents/NecessaryDocs/GeorgeMasonUniversity/Research/Projects/BugLocalization/Backup/CodeUnused/BuggyProjects/bug-2/app/src/main/java/io/github/zwieback/familyfinance/business/operation/dialog/TransferOperationFilterDialog.java,../data/PreprocessedData/PreprocessedQueries/Screen-2/Preprocessed_with_Interacted_GUI_Component_IDs/query_expansion_1/bug_report_2.txt,0.48373863101005554
/Users/junayed/Documents/NecessaryDocs/GeorgeMasonUniversity/Research/Projects/BugLocalization/Backup/CodeUnused/BuggyProjects/bug-2/app/src/main/java/io/github/zwieback/familyfinance/business/operation/fragment/OperationFragment.java,../data/PreprocessedData/PreprocessedQueries/Screen-2/Preprocessed_with_Interacted_GUI_Component_IDs/query_expansion_1/bug_report_2.txt,0.5195263028144836
/Users/junayed/Documents/NecessaryDocs/GeorgeMasonUniversity/Research/Projects/BugLocalization/Backup/CodeUnused/BuggyProjects/bug-2/app/src/main/java/io/github/zwieback/familyfinance/business/operation/fragment/IncomeOperationFragment.java,../data/PreprocessedData/PreprocessedQueries/Screen-2/Preprocessed_with_Interacted_GUI_Component_IDs/query_expansion_1/bug_report_2.txt,0.413527250289917
/Users/junayed/Documents/NecessaryDocs/GeorgeMasonUniversity/Research/Projects/BugLocalization/Backup/CodeUnused/BuggyProjects/bug-2/app/src/main/java/io/github/zwieback/familyfinance/business/operation/fragment/TransferOperationFragment.java,../data/PreprocessedData/PreprocessedQueries/Screen-2/Preprocessed_with_Interacted_GUI_Component_IDs/query_expansion_1/bug_report_2.txt,0.43944305181503296
/Users/junayed/Documents/NecessaryDocs/GeorgeMasonUniversity/Research/Projects/BugLocalization/Backup/CodeUnused/BuggyProjects/bug-2/app/src/main/java/io/github/zwieback/familyfinance/business/operation/fragment/ExpenseOperationFragment.java,../data/PreprocessedData/PreprocessedQueries/Screen-2/Preprocessed_with_Interacted_GUI_Component_IDs/query_expansion_1/bug_report_2.txt,0.42722558975219727
/Users/junayed/Documents/NecessaryDocs/GeorgeMasonUniversity/Research/Projects/BugLocalization/Backup/CodeUnused/BuggyProjects/bug-2/app/src/main/java/io/github/zwieback/familyfinance/business/operation/fragment/FlowOfFundsOperationFragment.java,../data/PreprocessedData/PreprocessedQueries/Screen-2/Preprocessed_with_Interacted_GUI_Component_IDs/query_expansion_1/bug_report_2.txt,0.4181019961833954
/Users/junayed/Documents/NecessaryDocs/GeorgeMasonUniversity/Research/Projects/BugLocalization/Backup/CodeUnused/BuggyProjects/bug-2/app/src/main/java/io/github/zwieback/familyfinance/business/operation/activity/ExpenseOperationEditActivity.java,../data/PreprocessedData/PreprocessedQueries/Screen-2/Preprocessed_with_Interacted_GUI_Component_IDs/query_expansion_1/bug_report_2.txt,0.5577067136764526
/Users/junayed/Documents/NecessaryDocs/GeorgeMasonUniversity/Research/Projects/BugLocalization/Backup/CodeUnused/BuggyProjects/bug-2/app/src/main/java/io/github/zwieback/familyfinance/business/operation/activity/TransferOperationEditActivity.java,../data/PreprocessedData/PreprocessedQueries/Screen-2/Preprocessed_with_Interacted_GUI_Component_IDs/query_expansion_1/bug_report_2.txt,0.5688542723655701
/Users/junayed/Documents/NecessaryDocs/GeorgeMasonUniversity/Research/Projects/BugLocalization/Backup/CodeUnused/BuggyProjects/bug-2/app/src/main/java/io/github/zwieback/familyfinance/business/operation/activity/IncomeOperationEditActivity.java,../data/PreprocessedData/PreprocessedQueries/Screen-2/Preprocessed_with_Interacted_GUI_Component_IDs/query_expansion_1/bug_report_2.txt,0.5645748376846313
/Users/junayed/Documents/NecessaryDocs/GeorgeMasonUniversity/Research/Projects/BugLocalization/Backup/CodeUnused/BuggyProjects/bug-2/app/src/main/java/io/github/zwieback/familyfinance/business/operation/activity/TransferOperationActivity.java,../data/PreprocessedData/PreprocessedQueries/Screen-2/Preprocessed_with_Interacted_GUI_Component_IDs/query_expansion_1/bug_report_2.txt,0.5257431864738464
/Users/junayed/Documents/NecessaryDocs/GeorgeMasonUniversity/Research/Projects/BugLocalization/Backup/CodeUnused/BuggyProjects/bug-2/app/src/main/java/io/github/zwieback/familyfinance/business/operation/activity/OperationActivity.java,../data/PreprocessedData/PreprocessedQueries/Screen-2/Preprocessed_with_Interacted_GUI_Component_IDs/query_expansion_1/bug_report_2.txt,0.576808512210846
/Users/junayed/Documents/NecessaryDocs/GeorgeMasonUniversity/Research/Projects/BugLocalization/Backup/CodeUnused/BuggyProjects/bug-2/app/src/main/java/io/github/zwieback/familyfinance/business/operation/activity/IncomeOperationActivity.java,../data/PreprocessedData/PreprocessedQueries/Screen-2/Preprocessed_with_Interacted_GUI_Component_IDs/query_expansion_1/bug_report_2.txt,0.5298953056335449
/Users/junayed/Documents/NecessaryDocs/GeorgeMasonUniversity/Research/Projects/BugLocalization/Backup/CodeUnused/BuggyProjects/bug-2/app/src/main/java/io/github/zwieback/familyfinance/business/operation/activity/FlowOfFundsOperationActivity.java,../data/PreprocessedData/PreprocessedQueries/Screen-2/Preprocessed_with_Interacted_GUI_Component_IDs/query_expansion_1/bug_report_2.txt,0.5747268199920654
/Users/junayed/Documents/NecessaryDocs/GeorgeMasonUniversity/Research/Projects/BugLocalization/Backup/CodeUnused/BuggyProjects/bug-2/app/src/main/java/io/github/zwieback/familyfinance/business/operation/activity/OperationEditActivity.java,../data/PreprocessedData/PreprocessedQueries/Screen-2/Preprocessed_with_Interacted_GUI_Component_IDs/query_expansion_1/bug_report_2.txt,0.5685933828353882
/Users/junayed/Documents/NecessaryDocs/GeorgeMasonUniversity/Research/Projects/BugLocalization/Backup/CodeUnused/BuggyProjects/bug-2/app/src/main/java/io/github/zwieback/familyfinance/business/operation/activity/ExpenseOperationActivity.java,../data/PreprocessedData/PreprocessedQueries/Screen-2/Preprocessed_with_Interacted_GUI_Component_IDs/query_expansion_1/bug_report_2.txt,0.5466495752334595
/Users/junayed/Documents/NecessaryDocs/GeorgeMasonUniversity/Research/Projects/BugLocalization/Backup/CodeUnused/BuggyProjects/bug-2/app/src/main/java/io/github/zwieback/familyfinance/business/operation/activity/helper/TransferOperationQualifier.java,../data/PreprocessedData/PreprocessedQueries/Screen-2/Preprocessed_with_Interacted_GUI_Component_IDs/query_expansion_1/bug_report_2.txt,0.47813552618026733
/Users/junayed/Documents/NecessaryDocs/GeorgeMasonUniversity/Research/Projects/BugLocalization/Backup/CodeUnused/BuggyProjects/bug-2/app/src/main/java/io/github/zwieback/familyfinance/business/operation/activity/helper/ExpenseOperationHelper.java,../data/PreprocessedData/PreprocessedQueries/Screen-2/Preprocessed_with_Interacted_GUI_Component_IDs/query_expansion_1/bug_report_2.txt,0.5049177408218384
/Users/junayed/Documents/NecessaryDocs/GeorgeMasonUniversity/Research/Projects/BugLocalization/Backup/CodeUnused/BuggyProjects/bug-2/app/src/main/java/io/github/zwieback/familyfinance/business/operation/activity/helper/IncomeOperationHelper.java,../data/PreprocessedData/PreprocessedQueries/Screen-2/Preprocessed_with_Interacted_GUI_Component_IDs/query_expansion_1/bug_report_2.txt,0.5038588643074036
/Users/junayed/Documents/NecessaryDocs/GeorgeMasonUniversity/Research/Projects/BugLocalization/Backup/CodeUnused/BuggyProjects/bug-2/app/src/main/java/io/github/zwieback/familyfinance/business/operation/activity/helper/TransferOperationHelper.java,../data/PreprocessedData/PreprocessedQueries/Screen-2/Preprocessed_with_Interacted_GUI_Component_IDs/query_expansion_1/bug_report_2.txt,0.5175005197525024
/Users/junayed/Documents/NecessaryDocs/GeorgeMasonUniversity/Research/Projects/BugLocalization/Backup/CodeUnused/BuggyProjects/bug-2/app/src/main/java/io/github/zwieback/familyfinance/business/operation/activity/helper/OperationHelper.java,../data/PreprocessedData/PreprocessedQueries/Screen-2/Preprocessed_with_Interacted_GUI_Component_IDs/query_expansion_1/bug_report_2.txt,0.525979220867157
/Users/junayed/Documents/NecessaryDocs/GeorgeMasonUniversity/Research/Projects/BugLocalization/Backup/CodeUnused/BuggyProjects/bug-2/app/src/main/java/io/github/zwieback/familyfinance/business/operation/activity/helper/TransferOperationFinder.java,../data/PreprocessedData/PreprocessedQueries/Screen-2/Preprocessed_with_Interacted_GUI_Component_IDs/query_expansion_1/bug_report_2.txt,0.4786513149738312
/Users/junayed/Documents/NecessaryDocs/GeorgeMasonUniversity/Research/Projects/BugLocalization/Backup/CodeUnused/BuggyProjects/bug-2/app/src/main/java/io/github/zwieback/familyfinance/business/operation/activity/exception/IllegalOperationTypeException.java,../data/PreprocessedData/PreprocessedQueries/Screen-2/Preprocessed_with_Interacted_GUI_Component_IDs/query_expansion_1/bug_report_2.txt,0.5349529981613159
/Users/junayed/Documents/NecessaryDocs/GeorgeMasonUniversity/Research/Projects/BugLocalization/Backup/CodeUnused/BuggyProjects/bug-2/app/src/main/java/io/github/zwieback/familyfinance/business/operation/service/provider/ExpenseOperationProvider.java,../data/PreprocessedData/PreprocessedQueries/Screen-2/Preprocessed_with_Interacted_GUI_Component_IDs/query_expansion_1/bug_report_2.txt,0.5105265974998474
/Users/junayed/Documents/NecessaryDocs/GeorgeMasonUniversity/Research/Projects/BugLocalization/Backup/CodeUnused/BuggyProjects/bug-2/app/src/main/java/io/github/zwieback/familyfinance/business/operation/service/provider/TransferOperationViewProvider.java,../data/PreprocessedData/PreprocessedQueries/Screen-2/Preprocessed_with_Interacted_GUI_Component_IDs/query_expansion_1/bug_report_2.txt,0.5260769724845886
/Users/junayed/Documents/NecessaryDocs/GeorgeMasonUniversity/Research/Projects/BugLocalization/Backup/CodeUnused/BuggyProjects/bug-2/app/src/main/java/io/github/zwieback/familyfinance/business/operation/service/provider/TransferOperationProvider.java,../data/PreprocessedData/PreprocessedQueries/Screen-2/Preprocessed_with_Interacted_GUI_Component_IDs/query_expansion_1/bug_report_2.txt,0.5139826536178589
/Users/junayed/Documents/NecessaryDocs/GeorgeMasonUniversity/Research/Projects/BugLocalization/Backup/CodeUnused/BuggyProjects/bug-2/app/src/main/java/io/github/zwieback/familyfinance/business/operation/service/provider/ExpenseOperationViewProvider.java,../data/PreprocessedData/PreprocessedQueries/Screen-2/Preprocessed_with_Interacted_GUI_Component_IDs/query_expansion_1/bug_report_2.txt,0.5300233364105225
/Users/junayed/Documents/NecessaryDocs/GeorgeMasonUniversity/Research/Projects/BugLocalization/Backup/CodeUnused/BuggyProjects/bug-2/app/src/main/java/io/github/zwieback/familyfinance/business/operation/service/provider/FlowOfFundsOperationViewProvider.java,../data/PreprocessedData/PreprocessedQueries/Screen-2/Preprocessed_with_Interacted_GUI_Component_IDs/query_expansion_1/bug_report_2.txt,0.5790153741836548
/Users/junayed/Documents/NecessaryDocs/GeorgeMasonUniversity/Research/Projects/BugLocalization/Backup/CodeUnused/BuggyProjects/bug-2/app/src/main/java/io/github/zwieback/familyfinance/business/operation/service/provider/IncomeOperationViewProvider.java,../data/PreprocessedData/PreprocessedQueries/Screen-2/Preprocessed_with_Interacted_GUI_Component_IDs/query_expansion_1/bug_report_2.txt,0.5223342180252075
/Users/junayed/Documents/NecessaryDocs/GeorgeMasonUniversity/Research/Projects/BugLocalization/Backup/CodeUnused/BuggyProjects/bug-2/app/src/main/java/io/github/zwieback/familyfinance/business/operation/service/provider/IncomeOperationProvider.java,../data/PreprocessedData/PreprocessedQueries/Screen-2/Preprocessed_with_Interacted_GUI_Component_IDs/query_expansion_1/bug_report_2.txt,0.5006882548332214
/Users/junayed/Documents/NecessaryDocs/GeorgeMasonUniversity/Research/Projects/BugLocalization/Backup/CodeUnused/BuggyProjects/bug-2/app/src/main/java/io/github/zwieback/familyfinance/business/operation/service/provider/exception/UndefinedOperationProviderException.java,../data/PreprocessedData/PreprocessedQueries/Screen-2/Preprocessed_with_Interacted_GUI_Component_IDs/query_expansion_1/bug_report_2.txt,0.4313308298587799
/Users/junayed/Documents/NecessaryDocs/GeorgeMasonUniversity/Research/Projects/BugLocalization/Backup/CodeUnused/BuggyProjects/bug-2/app/src/main/java/io/github/zwieback/familyfinance/business/operation/service/calculator/CurrencyEntry.java,../data/PreprocessedData/PreprocessedQueries/Screen-2/Preprocessed_with_Interacted_GUI_Component_IDs/query_expansion_1/bug_report_2.txt,0.3877382278442383
/Users/junayed/Documents/NecessaryDocs/GeorgeMasonUniversity/Research/Projects/BugLocalization/Backup/CodeUnused/BuggyProjects/bug-2/app/src/main/java/io/github/zwieback/familyfinance/business/operation/service/calculator/BalanceCalculator.java,../data/PreprocessedData/PreprocessedQueries/Screen-2/Preprocessed_with_Interacted_GUI_Component_IDs/query_expansion_1/bug_report_2.txt,0.4193873703479767
/Users/junayed/Documents/NecessaryDocs/GeorgeMasonUniversity/Research/Projects/BugLocalization/Backup/CodeUnused/BuggyProjects/bug-2/app/src/main/java/io/github/zwieback/familyfinance/business/operation/service/calculator/OperationCalculator.java,../data/PreprocessedData/PreprocessedQueries/Screen-2/Preprocessed_with_Interacted_GUI_Component_IDs/query_expansion_1/bug_report_2.txt,0.4719489514827728
/Users/junayed/Documents/NecessaryDocs/GeorgeMasonUniversity/Research/Projects/BugLocalization/Backup/CodeUnused/BuggyProjects/bug-2/app/src/main/java/io/github/zwieback/familyfinance/business/operation/filter/FlowOfFundsOperationFilter.java,../data/PreprocessedData/PreprocessedQueries/Screen-2/Preprocessed_with_Interacted_GUI_Component_IDs/query_expansion_1/bug_report_2.txt,0.37320929765701294
/Users/junayed/Documents/NecessaryDocs/GeorgeMasonUniversity/Research/Projects/BugLocalization/Backup/CodeUnused/BuggyProjects/bug-2/app/src/main/java/io/github/zwieback/familyfinance/business/operation/filter/IncomeOperationFilter.java,../data/PreprocessedData/PreprocessedQueries/Screen-2/Preprocessed_with_Interacted_GUI_Component_IDs/query_expansion_1/bug_report_2.txt,0.3517133295536041
/Users/junayed/Documents/NecessaryDocs/GeorgeMasonUniversity/Research/Projects/BugLocalization/Backup/CodeUnused/BuggyProjects/bug-2/app/src/main/java/io/github/zwieback/familyfinance/business/operation/filter/ExpenseOperationFilter.java,../data/PreprocessedData/PreprocessedQueries/Screen-2/Preprocessed_with_Interacted_GUI_Component_IDs/query_expansion_1/bug_report_2.txt,0.3390144109725952
/Users/junayed/Documents/NecessaryDocs/GeorgeMasonUniversity/Research/Projects/BugLocalization/Backup/CodeUnused/BuggyProjects/bug-2/app/src/main/java/io/github/zwieback/familyfinance/business/operation/filter/OperationFilter.java,../data/PreprocessedData/PreprocessedQueries/Screen-2/Preprocessed_with_Interacted_GUI_Component_IDs/query_expansion_1/bug_report_2.txt,0.44779667258262634
/Users/junayed/Documents/NecessaryDocs/GeorgeMasonUniversity/Research/Projects/BugLocalization/Backup/CodeUnused/BuggyProjects/bug-2/app/src/main/java/io/github/zwieback/familyfinance/business/operation/filter/TransferOperationFilter.java,../data/PreprocessedData/PreprocessedQueries/Screen-2/Preprocessed_with_Interacted_GUI_Component_IDs/query_expansion_1/bug_report_2.txt,0.3175104260444641
/Users/junayed/Documents/NecessaryDocs/GeorgeMasonUniversity/Research/Projects/BugLocalization/Backup/CodeUnused/BuggyProjects/bug-2/app/src/main/java/io/github/zwieback/familyfinance/business/operation/adapter/TransferOperationAdapter.java,../data/PreprocessedData/PreprocessedQueries/Screen-2/Preprocessed_with_Interacted_GUI_Component_IDs/query_expansion_1/bug_report_2.txt,0.5352019667625427
/Users/junayed/Documents/NecessaryDocs/GeorgeMasonUniversity/Research/Projects/BugLocalization/Backup/CodeUnused/BuggyProjects/bug-2/app/src/main/java/io/github/zwieback/familyfinance/business/operation/adapter/FlowOfFundsOperationAdapter.java,../data/PreprocessedData/PreprocessedQueries/Screen-2/Preprocessed_with_Interacted_GUI_Component_IDs/query_expansion_1/bug_report_2.txt,0.556922197341919
/Users/junayed/Documents/NecessaryDocs/GeorgeMasonUniversity/Research/Projects/BugLocalization/Backup/CodeUnused/BuggyProjects/bug-2/app/src/main/java/io/github/zwieback/familyfinance/business/operation/adapter/ExpenseOperationAdapter.java,../data/PreprocessedData/PreprocessedQueries/Screen-2/Preprocessed_with_Interacted_GUI_Component_IDs/query_expansion_1/bug_report_2.txt,0.5439318418502808
/Users/junayed/Documents/NecessaryDocs/GeorgeMasonUniversity/Research/Projects/BugLocalization/Backup/CodeUnused/BuggyProjects/bug-2/app/src/main/java/io/github/zwieback/familyfinance/business/operation/adapter/OperationAdapter.java,../data/PreprocessedData/PreprocessedQueries/Screen-2/Preprocessed_with_Interacted_GUI_Component_IDs/query_expansion_1/bug_report_2.txt,0.5519146919250488
/Users/junayed/Documents/NecessaryDocs/GeorgeMasonUniversity/Research/Projects/BugLocalization/Backup/CodeUnused/BuggyProjects/bug-2/app/src/main/java/io/github/zwieback/familyfinance/business/operation/adapter/IncomeOperationAdapter.java,../data/PreprocessedData/PreprocessedQueries/Screen-2/Preprocessed_with_Interacted_GUI_Component_IDs/query_expansion_1/bug_report_2.txt,0.5183514952659607
/Users/junayed/Documents/NecessaryDocs/GeorgeMasonUniversity/Research/Projects/BugLocalization/Backup/CodeUnused/BuggyProjects/bug-2/app/src/main/java/io/github/zwieback/familyfinance/business/operation/listener/OnOperationClickListener.java,../data/PreprocessedData/PreprocessedQueries/Screen-2/Preprocessed_with_Interacted_GUI_Component_IDs/query_expansion_1/bug_report_2.txt,0.455339640378952
/Users/junayed/Documents/NecessaryDocs/GeorgeMasonUniversity/Research/Projects/BugLocalization/Backup/CodeUnused/BuggyProjects/bug-2/app/src/main/java/io/github/zwieback/familyfinance/business/operation/listener/FlowOfFundsOperationFilterListener.java,../data/PreprocessedData/PreprocessedQueries/Screen-2/Preprocessed_with_Interacted_GUI_Component_IDs/query_expansion_1/bug_report_2.txt,0.38054195046424866
/Users/junayed/Documents/NecessaryDocs/GeorgeMasonUniversity/Research/Projects/BugLocalization/Backup/CodeUnused/BuggyProjects/bug-2/app/src/main/java/io/github/zwieback/familyfinance/business/operation/listener/OperationFilterListener.java,../data/PreprocessedData/PreprocessedQueries/Screen-2/Preprocessed_with_Interacted_GUI_Component_IDs/query_expansion_1/bug_report_2.txt,0.36924099922180176
/Users/junayed/Documents/NecessaryDocs/GeorgeMasonUniversity/Research/Projects/BugLocalization/Backup/CodeUnused/BuggyProjects/bug-2/app/src/main/java/io/github/zwieback/familyfinance/business/operation/query/FlowOfFundsOperationQueryBuilder.java,../data/PreprocessedData/PreprocessedQueries/Screen-2/Preprocessed_with_Interacted_GUI_Component_IDs/query_expansion_1/bug_report_2.txt,0.46428588032722473
/Users/junayed/Documents/NecessaryDocs/GeorgeMasonUniversity/Research/Projects/BugLocalization/Backup/CodeUnused/BuggyProjects/bug-2/app/src/main/java/io/github/zwieback/familyfinance/business/operation/query/OperationQueryBuilder.java,../data/PreprocessedData/PreprocessedQueries/Screen-2/Preprocessed_with_Interacted_GUI_Component_IDs/query_expansion_1/bug_report_2.txt,0.4815874993801117
/Users/junayed/Documents/NecessaryDocs/GeorgeMasonUniversity/Research/Projects/BugLocalization/Backup/CodeUnused/BuggyProjects/bug-2/app/src/main/java/io/github/zwieback/familyfinance/business/operation/query/ExpenseOperationQueryBuilder.java,../data/PreprocessedData/PreprocessedQueries/Screen-2/Preprocessed_with_Interacted_GUI_Component_IDs/query_expansion_1/bug_report_2.txt,0.4304044842720032
/Users/junayed/Documents/NecessaryDocs/GeorgeMasonUniversity/Research/Projects/BugLocalization/Backup/CodeUnused/BuggyProjects/bug-2/app/src/main/java/io/github/zwieback/familyfinance/business/operation/query/IncomeOperationQueryBuilder.java,../data/PreprocessedData/PreprocessedQueries/Screen-2/Preprocessed_with_Interacted_GUI_Component_IDs/query_expansion_1/bug_report_2.txt,0.3898918330669403
/Users/junayed/Documents/NecessaryDocs/GeorgeMasonUniversity/Research/Projects/BugLocalization/Backup/CodeUnused/BuggyProjects/bug-2/app/src/main/java/io/github/zwieback/familyfinance/business/operation/query/TransferOperationQueryBuilder.java,../data/PreprocessedData/PreprocessedQueries/Screen-2/Preprocessed_with_Interacted_GUI_Component_IDs/query_expansion_1/bug_report_2.txt,0.43067336082458496
/Users/junayed/Documents/NecessaryDocs/GeorgeMasonUniversity/Research/Projects/BugLocalization/Backup/CodeUnused/BuggyProjects/bug-2/app/src/main/java/io/github/zwieback/familyfinance/business/operation/lifecycle/destroyer/TransferOperationForceDestroyer.java,../data/PreprocessedData/PreprocessedQueries/Screen-2/Preprocessed_with_Interacted_GUI_Component_IDs/query_expansion_1/bug_report_2.txt,0.45699289441108704
/Users/junayed/Documents/NecessaryDocs/GeorgeMasonUniversity/Research/Projects/BugLocalization/Backup/CodeUnused/BuggyProjects/bug-2/app/src/main/java/io/github/zwieback/familyfinance/business/operation/lifecycle/destroyer/OperationForceDestroyer.java,../data/PreprocessedData/PreprocessedQueries/Screen-2/Preprocessed_with_Interacted_GUI_Component_IDs/query_expansion_1/bug_report_2.txt,0.4856889843940735
/Users/junayed/Documents/NecessaryDocs/GeorgeMasonUniversity/Research/Projects/BugLocalization/Backup/CodeUnused/BuggyProjects/bug-2/app/src/main/java/io/github/zwieback/familyfinance/business/operation/lifecycle/destroyer/OperationViewDestroyer.java,../data/PreprocessedData/PreprocessedQueries/Screen-2/Preprocessed_with_Interacted_GUI_Component_IDs/query_expansion_1/bug_report_2.txt,0.5156367421150208
/Users/junayed/Documents/NecessaryDocs/GeorgeMasonUniversity/Research/Projects/BugLocalization/Backup/CodeUnused/BuggyProjects/bug-2/app/src/main/java/io/github/zwieback/familyfinance/business/operation/lifecycle/creator/OperationCreator.java,../data/PreprocessedData/PreprocessedQueries/Screen-2/Preprocessed_with_Interacted_GUI_Component_IDs/query_expansion_1/bug_report_2.txt,0.5142431259155273
/Users/junayed/Documents/NecessaryDocs/GeorgeMasonUniversity/Research/Projects/BugLocalization/Backup/CodeUnused/BuggyProjects/bug-2/app/src/main/java/io/github/zwieback/familyfinance/business/operation/lifecycle/creator/OperationViewCreator.java,../data/PreprocessedData/PreprocessedQueries/Screen-2/Preprocessed_with_Interacted_GUI_Component_IDs/query_expansion_1/bug_report_2.txt,0.5519957542419434
/Users/junayed/Documents/NecessaryDocs/GeorgeMasonUniversity/Research/Projects/BugLocalization/Backup/CodeUnused/BuggyProjects/bug-2/app/src/main/java/io/github/zwieback/familyfinance/business/article/fragment/ExpenseArticleFragment.java,../data/PreprocessedData/PreprocessedQueries/Screen-2/Preprocessed_with_Interacted_GUI_Component_IDs/query_expansion_1/bug_report_2.txt,0.4076218008995056
/Users/junayed/Documents/NecessaryDocs/GeorgeMasonUniversity/Research/Projects/BugLocalization/Backup/CodeUnused/BuggyProjects/bug-2/app/src/main/java/io/github/zwieback/familyfinance/business/article/fragment/AllArticleFragment.java,../data/PreprocessedData/PreprocessedQueries/Screen-2/Preprocessed_with_Interacted_GUI_Component_IDs/query_expansion_1/bug_report_2.txt,0.37629416584968567
/Users/junayed/Documents/NecessaryDocs/GeorgeMasonUniversity/Research/Projects/BugLocalization/Backup/CodeUnused/BuggyProjects/bug-2/app/src/main/java/io/github/zwieback/familyfinance/business/article/fragment/IncomeArticleFragment.java,../data/PreprocessedData/PreprocessedQueries/Screen-2/Preprocessed_with_Interacted_GUI_Component_IDs/query_expansion_1/bug_report_2.txt,0.4109542965888977
/Users/junayed/Documents/NecessaryDocs/GeorgeMasonUniversity/Research/Projects/BugLocalization/Backup/CodeUnused/BuggyProjects/bug-2/app/src/main/java/io/github/zwieback/familyfinance/business/article/fragment/ArticleFragment.java,../data/PreprocessedData/PreprocessedQueries/Screen-2/Preprocessed_with_Interacted_GUI_Component_IDs/query_expansion_1/bug_report_2.txt,0.4743780195713043
/Users/junayed/Documents/NecessaryDocs/GeorgeMasonUniversity/Research/Projects/BugLocalization/Backup/CodeUnused/BuggyProjects/bug-2/app/src/main/java/io/github/zwieback/familyfinance/business/article/activity/ExpenseArticleActivity.java,../data/PreprocessedData/PreprocessedQueries/Screen-2/Preprocessed_with_Interacted_GUI_Component_IDs/query_expansion_1/bug_report_2.txt,0.49841219186782837
/Users/junayed/Documents/NecessaryDocs/GeorgeMasonUniversity/Research/Projects/BugLocalization/Backup/CodeUnused/BuggyProjects/bug-2/app/src/main/java/io/github/zwieback/familyfinance/business/article/activity/ArticleEditActivity.java,../data/PreprocessedData/PreprocessedQueries/Screen-2/Preprocessed_with_Interacted_GUI_Component_IDs/query_expansion_1/bug_report_2.txt,0.5264536142349243
/Users/junayed/Documents/NecessaryDocs/GeorgeMasonUniversity/Research/Projects/BugLocalization/Backup/CodeUnused/BuggyProjects/bug-2/app/src/main/java/io/github/zwieback/familyfinance/business/article/activity/ArticleActivity.java,../data/PreprocessedData/PreprocessedQueries/Screen-2/Preprocessed_with_Interacted_GUI_Component_IDs/query_expansion_1/bug_report_2.txt,0.5431213974952698
/Users/junayed/Documents/NecessaryDocs/GeorgeMasonUniversity/Research/Projects/BugLocalization/Backup/CodeUnused/BuggyProjects/bug-2/app/src/main/java/io/github/zwieback/familyfinance/business/article/activity/IncomeArticleEditActivity.java,../data/PreprocessedData/PreprocessedQueries/Screen-2/Preprocessed_with_Interacted_GUI_Component_IDs/query_expansion_1/bug_report_2.txt,0.44092297554016113
/Users/junayed/Documents/NecessaryDocs/GeorgeMasonUniversity/Research/Projects/BugLocalization/Backup/CodeUnused/BuggyProjects/bug-2/app/src/main/java/io/github/zwieback/familyfinance/business/article/activity/AllArticleActivity.java,../data/PreprocessedData/PreprocessedQueries/Screen-2/Preprocessed_with_Interacted_GUI_Component_IDs/query_expansion_1/bug_report_2.txt,0.43805861473083496
/Users/junayed/Documents/NecessaryDocs/GeorgeMasonUniversity/Research/Projects/BugLocalization/Backup/CodeUnused/BuggyProjects/bug-2/app/src/main/java/io/github/zwieback/familyfinance/business/article/activity/IncomeArticleActivity.java,../data/PreprocessedData/PreprocessedQueries/Screen-2/Preprocessed_with_Interacted_GUI_Component_IDs/query_expansion_1/bug_report_2.txt,0.49808794260025024
/Users/junayed/Documents/NecessaryDocs/GeorgeMasonUniversity/Research/Projects/BugLocalization/Backup/CodeUnused/BuggyProjects/bug-2/app/src/main/java/io/github/zwieback/familyfinance/business/article/activity/ExpenseArticleEditActivity.java,../data/PreprocessedData/PreprocessedQueries/Screen-2/Preprocessed_with_Interacted_GUI_Component_IDs/query_expansion_1/bug_report_2.txt,0.43626299500465393
/Users/junayed/Documents/NecessaryDocs/GeorgeMasonUniversity/Research/Projects/BugLocalization/Backup/CodeUnused/BuggyProjects/bug-2/app/src/main/java/io/github/zwieback/familyfinance/business/article/filter/IncomeArticleFilter.java,../data/PreprocessedData/PreprocessedQueries/Screen-2/Preprocessed_with_Interacted_GUI_Component_IDs/query_expansion_1/bug_report_2.txt,0.35729360580444336
/Users/junayed/Documents/NecessaryDocs/GeorgeMasonUniversity/Research/Projects/BugLocalization/Backup/CodeUnused/BuggyProjects/bug-2/app/src/main/java/io/github/zwieback/familyfinance/business/article/filter/AllArticleFilter.java,../data/PreprocessedData/PreprocessedQueries/Screen-2/Preprocessed_with_Interacted_GUI_Component_IDs/query_expansion_1/bug_report_2.txt,0.30808699131011963
/Users/junayed/Documents/NecessaryDocs/GeorgeMasonUniversity/Research/Projects/BugLocalization/Backup/CodeUnused/BuggyProjects/bug-2/app/src/main/java/io/github/zwieback/familyfinance/business/article/filter/ExpenseArticleFilter.java,../data/PreprocessedData/PreprocessedQueries/Screen-2/Preprocessed_with_Interacted_GUI_Component_IDs/query_expansion_1/bug_report_2.txt,0.32716625928878784
/Users/junayed/Documents/NecessaryDocs/GeorgeMasonUniversity/Research/Projects/BugLocalization/Backup/CodeUnused/BuggyProjects/bug-2/app/src/main/java/io/github/zwieback/familyfinance/business/article/filter/ArticleFilter.java,../data/PreprocessedData/PreprocessedQueries/Screen-2/Preprocessed_with_Interacted_GUI_Component_IDs/query_expansion_1/bug_report_2.txt,0.4797099232673645
/Users/junayed/Documents/NecessaryDocs/GeorgeMasonUniversity/Research/Projects/BugLocalization/Backup/CodeUnused/BuggyProjects/bug-2/app/src/main/java/io/github/zwieback/familyfinance/business/article/adapter/AllArticleAdapter.java,../data/PreprocessedData/PreprocessedQueries/Screen-2/Preprocessed_with_Interacted_GUI_Component_IDs/query_expansion_1/bug_report_2.txt,0.4846092462539673
/Users/junayed/Documents/NecessaryDocs/GeorgeMasonUniversity/Research/Projects/BugLocalization/Backup/CodeUnused/BuggyProjects/bug-2/app/src/main/java/io/github/zwieback/familyfinance/business/article/adapter/ArticleProvider.java,../data/PreprocessedData/PreprocessedQueries/Screen-2/Preprocessed_with_Interacted_GUI_Component_IDs/query_expansion_1/bug_report_2.txt,0.487190306186676
/Users/junayed/Documents/NecessaryDocs/GeorgeMasonUniversity/Research/Projects/BugLocalization/Backup/CodeUnused/BuggyProjects/bug-2/app/src/main/java/io/github/zwieback/familyfinance/business/article/adapter/ArticleViewProvider.java,../data/PreprocessedData/PreprocessedQueries/Screen-2/Preprocessed_with_Interacted_GUI_Component_IDs/query_expansion_1/bug_report_2.txt,0.5123721361160278
/Users/junayed/Documents/NecessaryDocs/GeorgeMasonUniversity/Research/Projects/BugLocalization/Backup/CodeUnused/BuggyProjects/bug-2/app/src/main/java/io/github/zwieback/familyfinance/business/article/adapter/IncomeArticleAdapter.java,../data/PreprocessedData/PreprocessedQueries/Screen-2/Preprocessed_with_Interacted_GUI_Component_IDs/query_expansion_1/bug_report_2.txt,0.490207701921463
/Users/junayed/Documents/NecessaryDocs/GeorgeMasonUniversity/Research/Projects/BugLocalization/Backup/CodeUnused/BuggyProjects/bug-2/app/src/main/java/io/github/zwieback/familyfinance/business/article/adapter/ExpenseArticleAdapter.java,../data/PreprocessedData/PreprocessedQueries/Screen-2/Preprocessed_with_Interacted_GUI_Component_IDs/query_expansion_1/bug_report_2.txt,0.496900737285614
/Users/junayed/Documents/NecessaryDocs/GeorgeMasonUniversity/Research/Projects/BugLocalization/Backup/CodeUnused/BuggyProjects/bug-2/app/src/main/java/io/github/zwieback/familyfinance/business/article/adapter/ArticleAdapter.java,../data/PreprocessedData/PreprocessedQueries/Screen-2/Preprocessed_with_Interacted_GUI_Component_IDs/query_expansion_1/bug_report_2.txt,0.49446356296539307
/Users/junayed/Documents/NecessaryDocs/GeorgeMasonUniversity/Research/Projects/BugLocalization/Backup/CodeUnused/BuggyProjects/bug-2/app/src/main/java/io/github/zwieback/familyfinance/business/article/listener/OnArticleClickListener.java,../data/PreprocessedData/PreprocessedQueries/Screen-2/Preprocessed_with_Interacted_GUI_Component_IDs/query_expansion_1/bug_report_2.txt,0.4642121195793152
/Users/junayed/Documents/NecessaryDocs/GeorgeMasonUniversity/Research/Projects/BugLocalization/Backup/CodeUnused/BuggyProjects/bug-2/app/src/main/java/io/github/zwieback/familyfinance/business/article/query/IncomeArticleQueryBuilder.java,../data/PreprocessedData/PreprocessedQueries/Screen-2/Preprocessed_with_Interacted_GUI_Component_IDs/query_expansion_1/bug_report_2.txt,0.41098931431770325
/Users/junayed/Documents/NecessaryDocs/GeorgeMasonUniversity/Research/Projects/BugLocalization/Backup/CodeUnused/BuggyProjects/bug-2/app/src/main/java/io/github/zwieback/familyfinance/business/article/query/ExpenseArticleQueryBuilder.java,../data/PreprocessedData/PreprocessedQueries/Screen-2/Preprocessed_with_Interacted_GUI_Component_IDs/query_expansion_1/bug_report_2.txt,0.4249333441257477
/Users/junayed/Documents/NecessaryDocs/GeorgeMasonUniversity/Research/Projects/BugLocalization/Backup/CodeUnused/BuggyProjects/bug-2/app/src/main/java/io/github/zwieback/familyfinance/business/article/query/AllArticleQueryBuilder.java,../data/PreprocessedData/PreprocessedQueries/Screen-2/Preprocessed_with_Interacted_GUI_Component_IDs/query_expansion_1/bug_report_2.txt,0.37199240922927856
/Users/junayed/Documents/NecessaryDocs/GeorgeMasonUniversity/Research/Projects/BugLocalization/Backup/CodeUnused/BuggyProjects/bug-2/app/src/main/java/io/github/zwieback/familyfinance/business/article/query/ArticleQueryBuilder.java,../data/PreprocessedData/PreprocessedQueries/Screen-2/Preprocessed_with_Interacted_GUI_Component_IDs/query_expansion_1/bug_report_2.txt,0.4911045432090759
/Users/junayed/Documents/NecessaryDocs/GeorgeMasonUniversity/Research/Projects/BugLocalization/Backup/CodeUnused/BuggyProjects/bug-2/app/src/main/java/io/github/zwieback/familyfinance/business/article/lifecycle/destroyer/ArticleFromExpenseOperationsDestroyer.java,../data/PreprocessedData/PreprocessedQueries/Screen-2/Preprocessed_with_Interacted_GUI_Component_IDs/query_expansion_1/bug_report_2.txt,0.48736393451690674
/Users/junayed/Documents/NecessaryDocs/GeorgeMasonUniversity/Research/Projects/BugLocalization/Backup/CodeUnused/BuggyProjects/bug-2/app/src/main/java/io/github/zwieback/familyfinance/business/article/lifecycle/destroyer/ArticleForceDestroyer.java,../data/PreprocessedData/PreprocessedQueries/Screen-2/Preprocessed_with_Interacted_GUI_Component_IDs/query_expansion_1/bug_report_2.txt,0.4725533425807953
/Users/junayed/Documents/NecessaryDocs/GeorgeMasonUniversity/Research/Projects/BugLocalization/Backup/CodeUnused/BuggyProjects/bug-2/app/src/main/java/io/github/zwieback/familyfinance/business/article/lifecycle/destroyer/ArticleFromTransferOperationsDestroyer.java,../data/PreprocessedData/PreprocessedQueries/Screen-2/Preprocessed_with_Interacted_GUI_Component_IDs/query_expansion_1/bug_report_2.txt,0.49710020422935486
/Users/junayed/Documents/NecessaryDocs/GeorgeMasonUniversity/Research/Projects/BugLocalization/Backup/CodeUnused/BuggyProjects/bug-2/app/src/main/java/io/github/zwieback/familyfinance/business/article/lifecycle/destroyer/ArticleFromPreferencesDestroyer.java,../data/PreprocessedData/PreprocessedQueries/Screen-2/Preprocessed_with_Interacted_GUI_Component_IDs/query_expansion_1/bug_report_2.txt,0.4555650055408478
/Users/junayed/Documents/NecessaryDocs/GeorgeMasonUniversity/Research/Projects/BugLocalization/Backup/CodeUnused/BuggyProjects/bug-2/app/src/main/java/io/github/zwieback/familyfinance/business/article/lifecycle/destroyer/ArticleFromIncomeOperationsDestroyer.java,../data/PreprocessedData/PreprocessedQueries/Screen-2/Preprocessed_with_Interacted_GUI_Component_IDs/query_expansion_1/bug_report_2.txt,0.48736393451690674
/Users/junayed/Documents/NecessaryDocs/GeorgeMasonUniversity/Research/Projects/BugLocalization/Backup/CodeUnused/BuggyProjects/bug-2/app/src/main/java/io/github/zwieback/familyfinance/business/article/lifecycle/destroyer/ArticleAsParentDestroyer.java,../data/PreprocessedData/PreprocessedQueries/Screen-2/Preprocessed_with_Interacted_GUI_Component_IDs/query_expansion_1/bug_report_2.txt,0.43711167573928833
/Users/junayed/Documents/NecessaryDocs/GeorgeMasonUniversity/Research/Projects/BugLocalization/Backup/CodeUnused/BuggyProjects/bug-2/app/src/main/java/io/github/zwieback/familyfinance/business/article/lifecycle/creator/ArticleRootCreator.java,../data/PreprocessedData/PreprocessedQueries/Screen-2/Preprocessed_with_Interacted_GUI_Component_IDs/query_expansion_1/bug_report_2.txt,0.4966694414615631
/Users/junayed/Documents/NecessaryDocs/GeorgeMasonUniversity/Research/Projects/BugLocalization/Backup/CodeUnused/BuggyProjects/bug-2/app/src/main/java/io/github/zwieback/familyfinance/business/article/lifecycle/creator/ArticleEntriesCreator.java,../data/PreprocessedData/PreprocessedQueries/Screen-2/Preprocessed_with_Interacted_GUI_Component_IDs/query_expansion_1/bug_report_2.txt,0.4872024357318878
/Users/junayed/Documents/NecessaryDocs/GeorgeMasonUniversity/Research/Projects/BugLocalization/Backup/CodeUnused/BuggyProjects/bug-2/app/src/main/java/io/github/zwieback/familyfinance/business/article/lifecycle/creator/ArticleViewCreator.java,../data/PreprocessedData/PreprocessedQueries/Screen-2/Preprocessed_with_Interacted_GUI_Component_IDs/query_expansion_1/bug_report_2.txt,0.5397945642471313
/Users/junayed/Documents/NecessaryDocs/GeorgeMasonUniversity/Research/Projects/BugLocalization/Backup/CodeUnused/BuggyProjects/bug-2/app/src/main/java/io/github/zwieback/familyfinance/business/article/lifecycle/creator/ArticleFoldersCreator.java,../data/PreprocessedData/PreprocessedQueries/Screen-2/Preprocessed_with_Interacted_GUI_Component_IDs/query_expansion_1/bug_report_2.txt,0.5017383694648743
/Users/junayed/Documents/NecessaryDocs/GeorgeMasonUniversity/Research/Projects/BugLocalization/Backup/CodeUnused/BuggyProjects/bug-2/app/src/main/java/io/github/zwieback/familyfinance/business/article/lifecycle/creator/ArticleCreator.java,../data/PreprocessedData/PreprocessedQueries/Screen-2/Preprocessed_with_Interacted_GUI_Component_IDs/query_expansion_1/bug_report_2.txt,0.4747105836868286
/Users/junayed/Documents/NecessaryDocs/GeorgeMasonUniversity/Research/Projects/BugLocalization/Backup/CodeUnused/BuggyProjects/bug-2/app/src/main/java/io/github/zwieback/familyfinance/business/article/lifecycle/creator/exception/NoArticleFoundException.java,../data/PreprocessedData/PreprocessedQueries/Screen-2/Preprocessed_with_Interacted_GUI_Component_IDs/query_expansion_1/bug_report_2.txt,0.3656854033470154
/Users/junayed/Documents/NecessaryDocs/GeorgeMasonUniversity/Research/Projects/BugLocalization/Backup/CodeUnused/BuggyProjects/bug-2/app/src/main/java/io/github/zwieback/familyfinance/business/iconics/fragment/IconicsFragment.java,../data/PreprocessedData/PreprocessedQueries/Screen-2/Preprocessed_with_Interacted_GUI_Component_IDs/query_expansion_1/bug_report_2.txt,0.5017648935317993
/Users/junayed/Documents/NecessaryDocs/GeorgeMasonUniversity/Research/Projects/BugLocalization/Backup/CodeUnused/BuggyProjects/bug-2/app/src/main/java/io/github/zwieback/familyfinance/business/iconics/fragment/item/ItemViewHolder.java,../data/PreprocessedData/PreprocessedQueries/Screen-2/Preprocessed_with_Interacted_GUI_Component_IDs/query_expansion_1/bug_report_2.txt,0.5110949873924255
/Users/junayed/Documents/NecessaryDocs/GeorgeMasonUniversity/Research/Projects/BugLocalization/Backup/CodeUnused/BuggyProjects/bug-2/app/src/main/java/io/github/zwieback/familyfinance/business/iconics/fragment/item/SpaceItemDecoration.java,../data/PreprocessedData/PreprocessedQueries/Screen-2/Preprocessed_with_Interacted_GUI_Component_IDs/query_expansion_1/bug_report_2.txt,0.49254754185676575
/Users/junayed/Documents/NecessaryDocs/GeorgeMasonUniversity/Research/Projects/BugLocalization/Backup/CodeUnused/BuggyProjects/bug-2/app/src/main/java/io/github/zwieback/familyfinance/business/iconics/fragment/item/IconItem.java,../data/PreprocessedData/PreprocessedQueries/Screen-2/Preprocessed_with_Interacted_GUI_Component_IDs/query_expansion_1/bug_report_2.txt,0.4824764132499695
/Users/junayed/Documents/NecessaryDocs/GeorgeMasonUniversity/Research/Projects/BugLocalization/Backup/CodeUnused/BuggyProjects/bug-2/app/src/main/java/io/github/zwieback/familyfinance/business/iconics/activity/IconicsActivity.java,../data/PreprocessedData/PreprocessedQueries/Screen-2/Preprocessed_with_Interacted_GUI_Component_IDs/query_expansion_1/bug_report_2.txt,0.5430760383605957
/Users/junayed/Documents/NecessaryDocs/GeorgeMasonUniversity/Research/Projects/BugLocalization/Backup/CodeUnused/BuggyProjects/bug-2/app/src/main/java/io/github/zwieback/familyfinance/business/iconics/listener/OnIconSelectListener.java,../data/PreprocessedData/PreprocessedQueries/Screen-2/Preprocessed_with_Interacted_GUI_Component_IDs/query_expansion_1/bug_report_2.txt,0.3113395869731903
/Users/junayed/Documents/NecessaryDocs/GeorgeMasonUniversity/Research/Projects/BugLocalization/Backup/CodeUnused/BuggyProjects/bug-2/app/src/release/java/io/github/zwieback/familyfinance/app/FamilyFinanceApplication.java,../data/PreprocessedData/PreprocessedQueries/Screen-2/Preprocessed_with_Interacted_GUI_Component_IDs/query_expansion_1/bug_report_2.txt,0.615989625453949
/Users/junayed/Documents/NecessaryDocs/GeorgeMasonUniversity/Research/Projects/BugLocalization/Backup/CodeUnused/BuggyProjects/bug-2/app/src/debug/java/io/github/zwieback/familyfinance/app/FamilyFinanceApplication.java,../data/PreprocessedData/PreprocessedQueries/Screen-2/Preprocessed_with_Interacted_GUI_Component_IDs/query_expansion_1/bug_report_2.txt,0.486293226480484
/Users/junayed/Documents/NecessaryDocs/GeorgeMasonUniversity/Research/Projects/BugLocalization/Backup/CodeUnused/BuggyProjects/bug-2/app/src/androidTest/java/io/github/zwieback/familyfinance/ExampleInstrumentedTest.java,../data/PreprocessedData/PreprocessedQueries/Screen-2/Preprocessed_with_Interacted_GUI_Component_IDs/query_expansion_1/bug_report_2.txt,0.48300623893737793
/Users/junayed/Documents/NecessaryDocs/GeorgeMasonUniversity/Research/Projects/BugLocalization/Backup/CodeUnused/BuggyProjects/bug-2/app/src/androidTest/java/io/github/zwieback/familyfinance/business/operation/filter/ExpenseOperationFilterTest.java,../data/PreprocessedData/PreprocessedQueries/Screen-2/Preprocessed_with_Interacted_GUI_Component_IDs/query_expansion_1/bug_report_2.txt,0.4026297628879547
/Users/junayed/Documents/NecessaryDocs/GeorgeMasonUniversity/Research/Projects/BugLocalization/Backup/CodeUnused/BuggyProjects/bug-2/app/src/test/java/io/github/zwieback/familyfinance/ExampleUnitTest.java,../data/PreprocessedData/PreprocessedQueries/Screen-2/Preprocessed_with_Interacted_GUI_Component_IDs/query_expansion_1/bug_report_2.txt,0.29377952218055725
/Users/junayed/Documents/NecessaryDocs/GeorgeMasonUniversity/Research/Projects/BugLocalization/Backup/CodeUnused/BuggyProjects/bug-2/shared/src/main/java/io/github/zwieback/familyfinance/dialog/DatePickerFragmentDialog.java,../data/PreprocessedData/PreprocessedQueries/Screen-2/Preprocessed_with_Interacted_GUI_Component_IDs/query_expansion_1/bug_report_2.txt,0.5189741849899292
/Users/junayed/Documents/NecessaryDocs/GeorgeMasonUniversity/Research/Projects/BugLocalization/Backup/CodeUnused/BuggyProjects/bug-2/shared/src/main/java/io/github/zwieback/familyfinance/widget/ClearableEditText.java,../data/PreprocessedData/PreprocessedQueries/Screen-2/Preprocessed_with_Interacted_GUI_Component_IDs/query_expansion_1/bug_report_2.txt,0.45590072870254517
/Users/junayed/Documents/NecessaryDocs/GeorgeMasonUniversity/Research/Projects/BugLocalization/Backup/CodeUnused/BuggyProjects/bug-2/shared/src/main/java/io/github/zwieback/familyfinance/widget/IconicsEditText.java,../data/PreprocessedData/PreprocessedQueries/Screen-2/Preprocessed_with_Interacted_GUI_Component_IDs/query_expansion_1/bug_report_2.txt,0.5655625462532043
/Users/junayed/Documents/NecessaryDocs/GeorgeMasonUniversity/Research/Projects/BugLocalization/Backup/CodeUnused/BuggyProjects/bug-2/shared/src/main/java/io/github/zwieback/familyfinance/widget/DecimalNumberTextEdit.java,../data/PreprocessedData/PreprocessedQueries/Screen-2/Preprocessed_with_Interacted_GUI_Component_IDs/query_expansion_1/bug_report_2.txt,0.4824507236480713
/Users/junayed/Documents/NecessaryDocs/GeorgeMasonUniversity/Research/Projects/BugLocalization/Backup/CodeUnused/BuggyProjects/bug-2/shared/src/main/java/io/github/zwieback/familyfinance/widget/filter/DecimalNumberInputFilter.java,../data/PreprocessedData/PreprocessedQueries/Screen-2/Preprocessed_with_Interacted_GUI_Component_IDs/query_expansion_1/bug_report_2.txt,0.4762897491455078
/Users/junayed/Documents/NecessaryDocs/GeorgeMasonUniversity/Research/Projects/BugLocalization/Backup/CodeUnused/BuggyProjects/bug-2/shared/src/main/java/io/github/zwieback/familyfinance/widget/adapter/TextWatcherAdapter.java,../data/PreprocessedData/PreprocessedQueries/Screen-2/Preprocessed_with_Interacted_GUI_Component_IDs/query_expansion_1/bug_report_2.txt,0.44091591238975525
/Users/junayed/Documents/NecessaryDocs/GeorgeMasonUniversity/Research/Projects/BugLocalization/Backup/CodeUnused/BuggyProjects/bug-2/shared/src/main/java/io/github/zwieback/familyfinance/widget/listener/OnIconClickListener.java,../data/PreprocessedData/PreprocessedQueries/Screen-2/Preprocessed_with_Interacted_GUI_Component_IDs/query_expansion_1/bug_report_2.txt,0.3161123991012573
/Users/junayed/Documents/NecessaryDocs/GeorgeMasonUniversity/Research/Projects/BugLocalization/Backup/CodeUnused/BuggyProjects/bug-2/shared/src/main/java/io/github/zwieback/familyfinance/widget/listener/OnClearTextListener.java,../data/PreprocessedData/PreprocessedQueries/Screen-2/Preprocessed_with_Interacted_GUI_Component_IDs/query_expansion_1/bug_report_2.txt,0.2306358367204666
/Users/junayed/Documents/NecessaryDocs/GeorgeMasonUniversity/Research/Projects/BugLocalization/Backup/CodeUnused/BuggyProjects/bug-2/shared/src/main/java/io/github/zwieback/familyfinance/widget/listener/TextWatcherListener.java,../data/PreprocessedData/PreprocessedQueries/Screen-2/Preprocessed_with_Interacted_GUI_Component_IDs/query_expansion_1/bug_report_2.txt,0.231245756149292
/Users/junayed/Documents/NecessaryDocs/GeorgeMasonUniversity/Research/Projects/BugLocalization/Backup/CodeUnused/BuggyProjects/bug-2/shared/src/main/java/io/github/zwieback/familyfinance/util/RandomGenerator.java,../data/PreprocessedData/PreprocessedQueries/Screen-2/Preprocessed_with_Interacted_GUI_Component_IDs/query_expansion_1/bug_report_2.txt,0.2718888521194458
/Users/junayed/Documents/NecessaryDocs/GeorgeMasonUniversity/Research/Projects/BugLocalization/Backup/CodeUnused/BuggyProjects/bug-2/shared/src/main/java/io/github/zwieback/familyfinance/util/TransliterationUtils.java,../data/PreprocessedData/PreprocessedQueries/Screen-2/Preprocessed_with_Interacted_GUI_Component_IDs/query_expansion_1/bug_report_2.txt,0.48677951097488403
/Users/junayed/Documents/NecessaryDocs/GeorgeMasonUniversity/Research/Projects/BugLocalization/Backup/CodeUnused/BuggyProjects/bug-2/shared/src/main/java/io/github/zwieback/familyfinance/util/BooleanUtils.java,../data/PreprocessedData/PreprocessedQueries/Screen-2/Preprocessed_with_Interacted_GUI_Component_IDs/query_expansion_1/bug_report_2.txt,0.2927941083908081
/Users/junayed/Documents/NecessaryDocs/GeorgeMasonUniversity/Research/Projects/BugLocalization/Backup/CodeUnused/BuggyProjects/bug-2/shared/src/main/java/io/github/zwieback/familyfinance/util/BigDecimalConverterUtils.java,../data/PreprocessedData/PreprocessedQueries/Screen-2/Preprocessed_with_Interacted_GUI_Component_IDs/query_expansion_1/bug_report_2.txt,0.33039960265159607
/Users/junayed/Documents/NecessaryDocs/GeorgeMasonUniversity/Research/Projects/BugLocalization/Backup/CodeUnused/BuggyProjects/bug-2/shared/src/main/java/io/github/zwieback/familyfinance/util/ColorUtils.java,../data/PreprocessedData/PreprocessedQueries/Screen-2/Preprocessed_with_Interacted_GUI_Component_IDs/query_expansion_1/bug_report_2.txt,0.43862321972846985
/Users/junayed/Documents/NecessaryDocs/GeorgeMasonUniversity/Research/Projects/BugLocalization/Backup/CodeUnused/BuggyProjects/bug-2/shared/src/main/java/io/github/zwieback/familyfinance/util/CollectionUtils.java,../data/PreprocessedData/PreprocessedQueries/Screen-2/Preprocessed_with_Interacted_GUI_Component_IDs/query_expansion_1/bug_report_2.txt,0.4172077476978302
/Users/junayed/Documents/NecessaryDocs/GeorgeMasonUniversity/Research/Projects/BugLocalization/Backup/CodeUnused/BuggyProjects/bug-2/shared/src/main/java/io/github/zwieback/familyfinance/util/ViewUtils.java,../data/PreprocessedData/PreprocessedQueries/Screen-2/Preprocessed_with_Interacted_GUI_Component_IDs/query_expansion_1/bug_report_2.txt,0.36244723200798035
/Users/junayed/Documents/NecessaryDocs/GeorgeMasonUniversity/Research/Projects/BugLocalization/Backup/CodeUnused/BuggyProjects/bug-2/shared/src/main/java/io/github/zwieback/familyfinance/util/DateUtils.java,../data/PreprocessedData/PreprocessedQueries/Screen-2/Preprocessed_with_Interacted_GUI_Component_IDs/query_expansion_1/bug_report_2.txt,0.4181859493255615
/Users/junayed/Documents/NecessaryDocs/GeorgeMasonUniversity/Research/Projects/BugLocalization/Backup/CodeUnused/BuggyProjects/bug-2/shared/src/main/java/io/github/zwieback/familyfinance/util/EmailUtils.java,../data/PreprocessedData/PreprocessedQueries/Screen-2/Preprocessed_with_Interacted_GUI_Component_IDs/query_expansion_1/bug_report_2.txt,0.6113749146461487
/Users/junayed/Documents/NecessaryDocs/GeorgeMasonUniversity/Research/Projects/BugLocalization/Backup/CodeUnused/BuggyProjects/bug-2/shared/src/main/java/io/github/zwieback/familyfinance/util/SqliteUtils.java,../data/PreprocessedData/PreprocessedQueries/Screen-2/Preprocessed_with_Interacted_GUI_Component_IDs/query_expansion_1/bug_report_2.txt,0.35452619194984436
/Users/junayed/Documents/NecessaryDocs/GeorgeMasonUniversity/Research/Projects/BugLocalization/Backup/CodeUnused/BuggyProjects/bug-2/shared/src/main/java/io/github/zwieback/familyfinance/util/NumberUtils.java,../data/PreprocessedData/PreprocessedQueries/Screen-2/Preprocessed_with_Interacted_GUI_Component_IDs/query_expansion_1/bug_report_2.txt,0.5088008046150208
/Users/junayed/Documents/NecessaryDocs/GeorgeMasonUniversity/Research/Projects/BugLocalization/Backup/CodeUnused/BuggyProjects/bug-2/shared/src/main/java/io/github/zwieback/familyfinance/util/DialogUtils.java,../data/PreprocessedData/PreprocessedQueries/Screen-2/Preprocessed_with_Interacted_GUI_Component_IDs/query_expansion_1/bug_report_2.txt,0.45709332823753357
/Users/junayed/Documents/NecessaryDocs/GeorgeMasonUniversity/Research/Projects/BugLocalization/Backup/CodeUnused/BuggyProjects/bug-2/shared/src/main/java/io/github/zwieback/familyfinance/util/ConfigurationUtils.java,../data/PreprocessedData/PreprocessedQueries/Screen-2/Preprocessed_with_Interacted_GUI_Component_IDs/query_expansion_1/bug_report_2.txt,0.4059562683105469
/Users/junayed/Documents/NecessaryDocs/GeorgeMasonUniversity/Research/Projects/BugLocalization/Backup/CodeUnused/BuggyProjects/bug-2/shared/src/main/java/io/github/zwieback/familyfinance/util/StringUtils.java,../data/PreprocessedData/PreprocessedQueries/Screen-2/Preprocessed_with_Interacted_GUI_Component_IDs/query_expansion_1/bug_report_2.txt,0.3465113043785095
/Users/junayed/Documents/NecessaryDocs/GeorgeMasonUniversity/Research/Projects/BugLocalization/Backup/CodeUnused/BuggyProjects/bug-2/shared/src/main/java/io/github/zwieback/familyfinance/util/FileUtils.java,../data/PreprocessedData/PreprocessedQueries/Screen-2/Preprocessed_with_Interacted_GUI_Component_IDs/query_expansion_1/bug_report_2.txt,0.4151477813720703
/Users/junayed/Documents/NecessaryDocs/GeorgeMasonUniversity/Research/Projects/BugLocalization/Backup/CodeUnused/BuggyProjects/bug-2/shared/src/main/java/io/github/zwieback/familyfinance/calculator/Operator.java,../data/PreprocessedData/PreprocessedQueries/Screen-2/Preprocessed_with_Interacted_GUI_Component_IDs/query_expansion_1/bug_report_2.txt,0.3153657019138336
/Users/junayed/Documents/NecessaryDocs/GeorgeMasonUniversity/Research/Projects/BugLocalization/Backup/CodeUnused/BuggyProjects/bug-2/shared/src/main/java/io/github/zwieback/familyfinance/calculator/Calculator.java,../data/PreprocessedData/PreprocessedQueries/Screen-2/Preprocessed_with_Interacted_GUI_Component_IDs/query_expansion_1/bug_report_2.txt,0.3947818875312805
/Users/junayed/Documents/NecessaryDocs/GeorgeMasonUniversity/Research/Projects/BugLocalization/Backup/CodeUnused/BuggyProjects/bug-2/shared/src/main/java/io/github/zwieback/familyfinance/calculator/dialog/CalculatorDialog.java,../data/PreprocessedData/PreprocessedQueries/Screen-2/Preprocessed_with_Interacted_GUI_Component_IDs/query_expansion_1/bug_report_2.txt,0.5243279933929443
/Users/junayed/Documents/NecessaryDocs/GeorgeMasonUniversity/Research/Projects/BugLocalization/Backup/CodeUnused/BuggyProjects/bug-2/shared/src/main/java/io/github/zwieback/familyfinance/calculator/dialog/OnCalculationResultListener.java,../data/PreprocessedData/PreprocessedQueries/Screen-2/Preprocessed_with_Interacted_GUI_Component_IDs/query_expansion_1/bug_report_2.txt,0.3494437336921692
/Users/junayed/Documents/NecessaryDocs/GeorgeMasonUniversity/Research/Projects/BugLocalization/Backup/CodeUnused/BuggyProjects/bug-2/shared/src/main/java/io/github/zwieback/familyfinance/calculator/stateful/StatefulCalculator.java,../data/PreprocessedData/PreprocessedQueries/Screen-2/Preprocessed_with_Interacted_GUI_Component_IDs/query_expansion_1/bug_report_2.txt,0.41982030868530273
/Users/junayed/Documents/NecessaryDocs/GeorgeMasonUniversity/Research/Projects/BugLocalization/Backup/CodeUnused/BuggyProjects/bug-2/shared/src/main/java/io/github/zwieback/familyfinance/calculator/stateful/InputState.java,../data/PreprocessedData/PreprocessedQueries/Screen-2/Preprocessed_with_Interacted_GUI_Component_IDs/query_expansion_1/bug_report_2.txt,0.20159730315208435
/Users/junayed/Documents/NecessaryDocs/GeorgeMasonUniversity/Research/Projects/BugLocalization/Backup/CodeUnused/BuggyProjects/bug-2/shared/src/main/java/io/github/zwieback/familyfinance/calculator/stateful/OnInvalidateStateListener.java,../data/PreprocessedData/PreprocessedQueries/Screen-2/Preprocessed_with_Interacted_GUI_Component_IDs/query_expansion_1/bug_report_2.txt,0.2320048063993454
/Users/junayed/Documents/NecessaryDocs/GeorgeMasonUniversity/Research/Projects/BugLocalization/Backup/CodeUnused/BuggyProjects/bug-2/shared/src/test/java/io/github/zwieback/familyfinance/util/ExampleUnitTest.java,../data/PreprocessedData/PreprocessedQueries/Screen-2/Preprocessed_with_Interacted_GUI_Component_IDs/query_expansion_1/bug_report_2.txt,0.3710559606552124
