Source_Code_Filename,Preprocessed_Query_File,Cosine_Similarity
/Users/junayed/Documents/NecessaryDocs/GeorgeMasonUniversity/Research/Projects/BugLocalization/Backup/CodeUnused/BuggyProjects/bug-1205/app/src/main/java/swati4star/createpdf/fragment/HomeFragment.java,../data/PreprocessedData/PreprocessedQueries/Screen-4/Preprocessed_with_All_GUI_Component_IDs/replaced_query/bug_report_1205.txt,0.7069694399833679
/Users/junayed/Documents/NecessaryDocs/GeorgeMasonUniversity/Research/Projects/BugLocalization/Backup/CodeUnused/BuggyProjects/bug-1205/app/src/main/java/swati4star/createpdf/fragment/MergeFilesFragment.java,../data/PreprocessedData/PreprocessedQueries/Screen-4/Preprocessed_with_All_GUI_Component_IDs/replaced_query/bug_report_1205.txt,0.6503660678863525
/Users/junayed/Documents/NecessaryDocs/GeorgeMasonUniversity/Research/Projects/BugLocalization/Backup/CodeUnused/BuggyProjects/bug-1205/app/src/main/java/swati4star/createpdf/activity/MainActivity.java,../data/PreprocessedData/PreprocessedQueries/Screen-4/Preprocessed_with_All_GUI_Component_IDs/replaced_query/bug_report_1205.txt,0.5303377509117126
/Users/junayed/Documents/NecessaryDocs/GeorgeMasonUniversity/Research/Projects/BugLocalization/Backup/CodeUnused/BuggyProjects/bug-1205/app/src/main/java/swati4star/createpdf/fragment/RemoveDuplicatePagesFragment.java,../data/PreprocessedData/PreprocessedQueries/Screen-4/Preprocessed_with_All_GUI_Component_IDs/replaced_query/bug_report_1205.txt,0.5491164922714233
/Users/junayed/Documents/NecessaryDocs/GeorgeMasonUniversity/Research/Projects/BugLocalization/Backup/CodeUnused/BuggyProjects/bug-1205/app/src/main/java/swati4star/createpdf/fragment/InvertPdfFragment.java,../data/PreprocessedData/PreprocessedQueries/Screen-4/Preprocessed_with_All_GUI_Component_IDs/replaced_query/bug_report_1205.txt,0.5154460668563843
/Users/junayed/Documents/NecessaryDocs/GeorgeMasonUniversity/Research/Projects/BugLocalization/Backup/CodeUnused/BuggyProjects/bug-1205/app/src/main/java/swati4star/createpdf/fragment/SplitFilesFragment.java,../data/PreprocessedData/PreprocessedQueries/Screen-4/Preprocessed_with_All_GUI_Component_IDs/replaced_query/bug_report_1205.txt,0.5366551280021667
/Users/junayed/Documents/NecessaryDocs/GeorgeMasonUniversity/Research/Projects/BugLocalization/Backup/CodeUnused/BuggyProjects/bug-1205/app/src/main/java/swati4star/createpdf/fragment/PdfToImageFragment.java,../data/PreprocessedData/PreprocessedQueries/Screen-4/Preprocessed_with_All_GUI_Component_IDs/replaced_query/bug_report_1205.txt,0.4897184371948242
/Users/junayed/Documents/NecessaryDocs/GeorgeMasonUniversity/Research/Projects/BugLocalization/Backup/CodeUnused/BuggyProjects/bug-1205/app/src/main/java/swati4star/createpdf/fragment/RemovePagesFragment.java,../data/PreprocessedData/PreprocessedQueries/Screen-4/Preprocessed_with_All_GUI_Component_IDs/replaced_query/bug_report_1205.txt,0.5744597911834717
/Users/junayed/Documents/NecessaryDocs/GeorgeMasonUniversity/Research/Projects/BugLocalization/Backup/CodeUnused/BuggyProjects/bug-1205/app/src/main/java/swati4star/createpdf/fragment/AddImagesFragment.java,../data/PreprocessedData/PreprocessedQueries/Screen-4/Preprocessed_with_All_GUI_Component_IDs/replaced_query/bug_report_1205.txt,0.5670329928398132
/Users/junayed/Documents/NecessaryDocs/GeorgeMasonUniversity/Research/Projects/BugLocalization/Backup/CodeUnused/BuggyProjects/bug-1205/app/src/main/java/swati4star/createpdf/util/MergeHelper.java,../data/PreprocessedData/PreprocessedQueries/Screen-4/Preprocessed_with_All_GUI_Component_IDs/replaced_query/bug_report_1205.txt,0.5617868304252625
/Users/junayed/Documents/NecessaryDocs/GeorgeMasonUniversity/Research/Projects/BugLocalization/Backup/CodeUnused/BuggyProjects/bug-1205/app/src/main/java/swati4star/createpdf/adapter/PreviewImageOptionsAdapter.java,../data/PreprocessedData/PreprocessedQueries/Screen-4/Preprocessed_with_All_GUI_Component_IDs/replaced_query/bug_report_1205.txt,0.5060028433799744
/Users/junayed/Documents/NecessaryDocs/GeorgeMasonUniversity/Research/Projects/BugLocalization/Backup/CodeUnused/BuggyProjects/bug-1205/app/src/main/java/swati4star/createpdf/adapter/EnhancementOptionsAdapter.java,../data/PreprocessedData/PreprocessedQueries/Screen-4/Preprocessed_with_All_GUI_Component_IDs/replaced_query/bug_report_1205.txt,0.5153146386146545
/Users/junayed/Documents/NecessaryDocs/GeorgeMasonUniversity/Research/Projects/BugLocalization/Backup/CodeUnused/BuggyProjects/bug-1205/app/src/main/java/swati4star/createpdf/customviews/MyCardView.java,../data/PreprocessedData/PreprocessedQueries/Screen-4/Preprocessed_with_All_GUI_Component_IDs/replaced_query/bug_report_1205.txt,0.502520740032196
/Users/junayed/Documents/NecessaryDocs/GeorgeMasonUniversity/Research/Projects/BugLocalization/Backup/CodeUnused/BuggyProjects/bug-1205/app/src/main/java/swati4star/createpdf/fragment/HistoryFragment.java,../data/PreprocessedData/PreprocessedQueries/Screen-4/Preprocessed_with_All_GUI_Component_IDs/replaced_query/bug_report_1205.txt,0.48790669441223145
/Users/junayed/Documents/NecessaryDocs/GeorgeMasonUniversity/Research/Projects/BugLocalization/Backup/CodeUnused/BuggyProjects/bug-1205/app/src/main/java/swati4star/createpdf/fragment/ImageToPdfFragment.java,../data/PreprocessedData/PreprocessedQueries/Screen-4/Preprocessed_with_All_GUI_Component_IDs/replaced_query/bug_report_1205.txt,0.5979223847389221
/Users/junayed/Documents/NecessaryDocs/GeorgeMasonUniversity/Research/Projects/BugLocalization/Backup/CodeUnused/BuggyProjects/bug-1205/app/src/main/java/swati4star/createpdf/fragment/TextToPdfFragment.java,../data/PreprocessedData/PreprocessedQueries/Screen-4/Preprocessed_with_All_GUI_Component_IDs/replaced_query/bug_report_1205.txt,0.6347878575325012
/Users/junayed/Documents/NecessaryDocs/GeorgeMasonUniversity/Research/Projects/BugLocalization/Backup/CodeUnused/BuggyProjects/bug-1205/app/src/main/java/swati4star/createpdf/fragment/QrBarcodeScanFragment.java,../data/PreprocessedData/PreprocessedQueries/Screen-4/Preprocessed_with_All_GUI_Component_IDs/replaced_query/bug_report_1205.txt,0.564193606376648
/Users/junayed/Documents/NecessaryDocs/GeorgeMasonUniversity/Research/Projects/BugLocalization/Backup/CodeUnused/BuggyProjects/bug-1205/app/src/main/java/swati4star/createpdf/fragment/ViewFilesFragment.java,../data/PreprocessedData/PreprocessedQueries/Screen-4/Preprocessed_with_All_GUI_Component_IDs/replaced_query/bug_report_1205.txt,0.5965398550033569
/Users/junayed/Documents/NecessaryDocs/GeorgeMasonUniversity/Research/Projects/BugLocalization/Backup/CodeUnused/BuggyProjects/bug-1205/app/src/main/java/swati4star/createpdf/fragment/AboutUsFragment.java,../data/PreprocessedData/PreprocessedQueries/Screen-4/Preprocessed_with_All_GUI_Component_IDs/replaced_query/bug_report_1205.txt,0.5170976519584656
/Users/junayed/Documents/NecessaryDocs/GeorgeMasonUniversity/Research/Projects/BugLocalization/Backup/CodeUnused/BuggyProjects/bug-1205/app/src/main/java/swati4star/createpdf/fragment/SettingsFragment.java,../data/PreprocessedData/PreprocessedQueries/Screen-4/Preprocessed_with_All_GUI_Component_IDs/replaced_query/bug_report_1205.txt,0.5306859016418457
/Users/junayed/Documents/NecessaryDocs/GeorgeMasonUniversity/Research/Projects/BugLocalization/Backup/CodeUnused/BuggyProjects/bug-1205/app/src/main/java/swati4star/createpdf/activity/WelcomeActivity.java,../data/PreprocessedData/PreprocessedQueries/Screen-4/Preprocessed_with_All_GUI_Component_IDs/replaced_query/bug_report_1205.txt,0.5268300771713257
/Users/junayed/Documents/NecessaryDocs/GeorgeMasonUniversity/Research/Projects/BugLocalization/Backup/CodeUnused/BuggyProjects/bug-1205/app/src/main/java/swati4star/createpdf/activity/RearrangePdfPages.java,../data/PreprocessedData/PreprocessedQueries/Screen-4/Preprocessed_with_All_GUI_Component_IDs/replaced_query/bug_report_1205.txt,0.6411116123199463
/Users/junayed/Documents/NecessaryDocs/GeorgeMasonUniversity/Research/Projects/BugLocalization/Backup/CodeUnused/BuggyProjects/bug-1205/app/src/main/java/swati4star/createpdf/activity/PreviewActivity.java,../data/PreprocessedData/PreprocessedQueries/Screen-4/Preprocessed_with_All_GUI_Component_IDs/replaced_query/bug_report_1205.txt,0.4745260179042816
/Users/junayed/Documents/NecessaryDocs/GeorgeMasonUniversity/Research/Projects/BugLocalization/Backup/CodeUnused/BuggyProjects/bug-1205/app/src/main/java/swati4star/createpdf/activity/ImagesPreviewActivity.java,../data/PreprocessedData/PreprocessedQueries/Screen-4/Preprocessed_with_All_GUI_Component_IDs/replaced_query/bug_report_1205.txt,0.3990771770477295
/Users/junayed/Documents/NecessaryDocs/GeorgeMasonUniversity/Research/Projects/BugLocalization/Backup/CodeUnused/BuggyProjects/bug-1205/app/src/main/java/swati4star/createpdf/activity/CropImageActivity.java,../data/PreprocessedData/PreprocessedQueries/Screen-4/Preprocessed_with_All_GUI_Component_IDs/replaced_query/bug_report_1205.txt,0.53005450963974
/Users/junayed/Documents/NecessaryDocs/GeorgeMasonUniversity/Research/Projects/BugLocalization/Backup/CodeUnused/BuggyProjects/bug-1205/app/src/main/java/swati4star/createpdf/activity/RearrangeImages.java,../data/PreprocessedData/PreprocessedQueries/Screen-4/Preprocessed_with_All_GUI_Component_IDs/replaced_query/bug_report_1205.txt,0.5594212412834167
/Users/junayed/Documents/NecessaryDocs/GeorgeMasonUniversity/Research/Projects/BugLocalization/Backup/CodeUnused/BuggyProjects/bug-1205/app/src/main/java/swati4star/createpdf/activity/ImageEditor.java,../data/PreprocessedData/PreprocessedQueries/Screen-4/Preprocessed_with_All_GUI_Component_IDs/replaced_query/bug_report_1205.txt,0.5374150276184082
/Users/junayed/Documents/NecessaryDocs/GeorgeMasonUniversity/Research/Projects/BugLocalization/Backup/CodeUnused/BuggyProjects/bug-1205/app/src/main/java/swati4star/createpdf/util/CommonCodeUtils.java,../data/PreprocessedData/PreprocessedQueries/Screen-4/Preprocessed_with_All_GUI_Component_IDs/replaced_query/bug_report_1205.txt,0.5710405707359314
/Users/junayed/Documents/NecessaryDocs/GeorgeMasonUniversity/Research/Projects/BugLocalization/Backup/CodeUnused/BuggyProjects/bug-1205/app/src/main/java/swati4star/createpdf/util/WhatsNewUtils.java,../data/PreprocessedData/PreprocessedQueries/Screen-4/Preprocessed_with_All_GUI_Component_IDs/replaced_query/bug_report_1205.txt,0.42276936769485474
/Users/junayed/Documents/NecessaryDocs/GeorgeMasonUniversity/Research/Projects/BugLocalization/Backup/CodeUnused/BuggyProjects/bug-1205/app/src/main/java/swati4star/createpdf/util/FileUriUtils.java,../data/PreprocessedData/PreprocessedQueries/Screen-4/Preprocessed_with_All_GUI_Component_IDs/replaced_query/bug_report_1205.txt,0.37476518750190735
/Users/junayed/Documents/NecessaryDocs/GeorgeMasonUniversity/Research/Projects/BugLocalization/Backup/CodeUnused/BuggyProjects/bug-1205/app/src/main/java/swati4star/createpdf/util/ThemeUtils.java,../data/PreprocessedData/PreprocessedQueries/Screen-4/Preprocessed_with_All_GUI_Component_IDs/replaced_query/bug_report_1205.txt,0.3919256031513214
/Users/junayed/Documents/NecessaryDocs/GeorgeMasonUniversity/Research/Projects/BugLocalization/Backup/CodeUnused/BuggyProjects/bug-1205/app/src/main/java/swati4star/createpdf/util/PDFEncryptionUtility.java,../data/PreprocessedData/PreprocessedQueries/Screen-4/Preprocessed_with_All_GUI_Component_IDs/replaced_query/bug_report_1205.txt,0.6517953872680664
/Users/junayed/Documents/NecessaryDocs/GeorgeMasonUniversity/Research/Projects/BugLocalization/Backup/CodeUnused/BuggyProjects/bug-1205/app/src/main/java/swati4star/createpdf/util/MergePdf.java,../data/PreprocessedData/PreprocessedQueries/Screen-4/Preprocessed_with_All_GUI_Component_IDs/replaced_query/bug_report_1205.txt,0.5670503377914429
/Users/junayed/Documents/NecessaryDocs/GeorgeMasonUniversity/Research/Projects/BugLocalization/Backup/CodeUnused/BuggyProjects/bug-1205/app/src/main/java/swati4star/createpdf/util/TextEnhancementOptionsUtils.java,../data/PreprocessedData/PreprocessedQueries/Screen-4/Preprocessed_with_All_GUI_Component_IDs/replaced_query/bug_report_1205.txt,0.4682259261608124
/Users/junayed/Documents/NecessaryDocs/GeorgeMasonUniversity/Research/Projects/BugLocalization/Backup/CodeUnused/BuggyProjects/bug-1205/app/src/main/java/swati4star/createpdf/util/PageSizeUtils.java,../data/PreprocessedData/PreprocessedQueries/Screen-4/Preprocessed_with_All_GUI_Component_IDs/replaced_query/bug_report_1205.txt,0.40267428755760193
/Users/junayed/Documents/NecessaryDocs/GeorgeMasonUniversity/Research/Projects/BugLocalization/Backup/CodeUnused/BuggyProjects/bug-1205/app/src/main/java/swati4star/createpdf/util/FeedbackUtils.java,../data/PreprocessedData/PreprocessedQueries/Screen-4/Preprocessed_with_All_GUI_Component_IDs/replaced_query/bug_report_1205.txt,0.37606433033943176
/Users/junayed/Documents/NecessaryDocs/GeorgeMasonUniversity/Research/Projects/BugLocalization/Backup/CodeUnused/BuggyProjects/bug-1205/app/src/main/java/swati4star/createpdf/util/MoveFilesToDirectory.java,../data/PreprocessedData/PreprocessedQueries/Screen-4/Preprocessed_with_All_GUI_Component_IDs/replaced_query/bug_report_1205.txt,0.49890249967575073
/Users/junayed/Documents/NecessaryDocs/GeorgeMasonUniversity/Research/Projects/BugLocalization/Backup/CodeUnused/BuggyProjects/bug-1205/app/src/main/java/swati4star/createpdf/util/ViewFilesDividerItemDecoration.java,../data/PreprocessedData/PreprocessedQueries/Screen-4/Preprocessed_with_All_GUI_Component_IDs/replaced_query/bug_report_1205.txt,0.43176448345184326
/Users/junayed/Documents/NecessaryDocs/GeorgeMasonUniversity/Research/Projects/BugLocalization/Backup/CodeUnused/BuggyProjects/bug-1205/app/src/main/java/swati4star/createpdf/util/Constants.java,../data/PreprocessedData/PreprocessedQueries/Screen-4/Preprocessed_with_All_GUI_Component_IDs/replaced_query/bug_report_1205.txt,0.5200476050376892
/Users/junayed/Documents/NecessaryDocs/GeorgeMasonUniversity/Research/Projects/BugLocalization/Backup/CodeUnused/BuggyProjects/bug-1205/app/src/main/java/swati4star/createpdf/util/ImageFilterUtils.java,../data/PreprocessedData/PreprocessedQueries/Screen-4/Preprocessed_with_All_GUI_Component_IDs/replaced_query/bug_report_1205.txt,0.47012796998023987
/Users/junayed/Documents/NecessaryDocs/GeorgeMasonUniversity/Research/Projects/BugLocalization/Backup/CodeUnused/BuggyProjects/bug-1205/app/src/main/java/swati4star/createpdf/util/BottomSheetCallback.java,../data/PreprocessedData/PreprocessedQueries/Screen-4/Preprocessed_with_All_GUI_Component_IDs/replaced_query/bug_report_1205.txt,0.4724426567554474
/Users/junayed/Documents/NecessaryDocs/GeorgeMasonUniversity/Research/Projects/BugLocalization/Backup/CodeUnused/BuggyProjects/bug-1205/app/src/main/java/swati4star/createpdf/util/ImageUtils.java,../data/PreprocessedData/PreprocessedQueries/Screen-4/Preprocessed_with_All_GUI_Component_IDs/replaced_query/bug_report_1205.txt,0.41210126876831055
/Users/junayed/Documents/NecessaryDocs/GeorgeMasonUniversity/Research/Projects/BugLocalization/Backup/CodeUnused/BuggyProjects/bug-1205/app/src/main/java/swati4star/createpdf/util/SettingsOptions.java,../data/PreprocessedData/PreprocessedQueries/Screen-4/Preprocessed_with_All_GUI_Component_IDs/replaced_query/bug_report_1205.txt,0.4519543945789337
/Users/junayed/Documents/NecessaryDocs/GeorgeMasonUniversity/Research/Projects/BugLocalization/Backup/CodeUnused/BuggyProjects/bug-1205/app/src/main/java/swati4star/createpdf/util/MergePdfEnhancementOptionsUtils.java,../data/PreprocessedData/PreprocessedQueries/Screen-4/Preprocessed_with_All_GUI_Component_IDs/replaced_query/bug_report_1205.txt,0.4842549264431
/Users/junayed/Documents/NecessaryDocs/GeorgeMasonUniversity/Research/Projects/BugLocalization/Backup/CodeUnused/BuggyProjects/bug-1205/app/src/main/java/swati4star/createpdf/util/DirectoryUtils.java,../data/PreprocessedData/PreprocessedQueries/Screen-4/Preprocessed_with_All_GUI_Component_IDs/replaced_query/bug_report_1205.txt,0.5332661867141724
/Users/junayed/Documents/NecessaryDocs/GeorgeMasonUniversity/Research/Projects/BugLocalization/Backup/CodeUnused/BuggyProjects/bug-1205/app/src/main/java/swati4star/createpdf/util/DialogUtils.java,../data/PreprocessedData/PreprocessedQueries/Screen-4/Preprocessed_with_All_GUI_Component_IDs/replaced_query/bug_report_1205.txt,0.40944206714630127
/Users/junayed/Documents/NecessaryDocs/GeorgeMasonUniversity/Research/Projects/BugLocalization/Backup/CodeUnused/BuggyProjects/bug-1205/app/src/main/java/swati4star/createpdf/util/PDFUtils.java,../data/PreprocessedData/PreprocessedQueries/Screen-4/Preprocessed_with_All_GUI_Component_IDs/replaced_query/bug_report_1205.txt,0.5768909454345703
/Users/junayed/Documents/NecessaryDocs/GeorgeMasonUniversity/Research/Projects/BugLocalization/Backup/CodeUnused/BuggyProjects/bug-1205/app/src/main/java/swati4star/createpdf/util/ImageEnhancementOptionsUtils.java,../data/PreprocessedData/PreprocessedQueries/Screen-4/Preprocessed_with_All_GUI_Component_IDs/replaced_query/bug_report_1205.txt,0.5158439874649048
/Users/junayed/Documents/NecessaryDocs/GeorgeMasonUniversity/Research/Projects/BugLocalization/Backup/CodeUnused/BuggyProjects/bug-1205/app/src/main/java/swati4star/createpdf/util/WatermarkUtils.java,../data/PreprocessedData/PreprocessedQueries/Screen-4/Preprocessed_with_All_GUI_Component_IDs/replaced_query/bug_report_1205.txt,0.5350867509841919
/Users/junayed/Documents/NecessaryDocs/GeorgeMasonUniversity/Research/Projects/BugLocalization/Backup/CodeUnused/BuggyProjects/bug-1205/app/src/main/java/swati4star/createpdf/util/StringUtils.java,../data/PreprocessedData/PreprocessedQueries/Screen-4/Preprocessed_with_All_GUI_Component_IDs/replaced_query/bug_report_1205.txt,0.45597222447395325
/Users/junayed/Documents/NecessaryDocs/GeorgeMasonUniversity/Research/Projects/BugLocalization/Backup/CodeUnused/BuggyProjects/bug-1205/app/src/main/java/swati4star/createpdf/util/FileUtils.java,../data/PreprocessedData/PreprocessedQueries/Screen-4/Preprocessed_with_All_GUI_Component_IDs/replaced_query/bug_report_1205.txt,0.47127532958984375
/Users/junayed/Documents/NecessaryDocs/GeorgeMasonUniversity/Research/Projects/BugLocalization/Backup/CodeUnused/BuggyProjects/bug-1205/app/src/main/java/swati4star/createpdf/database/History.java,../data/PreprocessedData/PreprocessedQueries/Screen-4/Preprocessed_with_All_GUI_Component_IDs/replaced_query/bug_report_1205.txt,0.4471356272697449
/Users/junayed/Documents/NecessaryDocs/GeorgeMasonUniversity/Research/Projects/BugLocalization/Backup/CodeUnused/BuggyProjects/bug-1205/app/src/main/java/swati4star/createpdf/database/AppDatabase.java,../data/PreprocessedData/PreprocessedQueries/Screen-4/Preprocessed_with_All_GUI_Component_IDs/replaced_query/bug_report_1205.txt,0.40043362975120544
/Users/junayed/Documents/NecessaryDocs/GeorgeMasonUniversity/Research/Projects/BugLocalization/Backup/CodeUnused/BuggyProjects/bug-1205/app/src/main/java/swati4star/createpdf/database/DatabaseHelper.java,../data/PreprocessedData/PreprocessedQueries/Screen-4/Preprocessed_with_All_GUI_Component_IDs/replaced_query/bug_report_1205.txt,0.4326303005218506
/Users/junayed/Documents/NecessaryDocs/GeorgeMasonUniversity/Research/Projects/BugLocalization/Backup/CodeUnused/BuggyProjects/bug-1205/app/src/main/java/swati4star/createpdf/adapter/RearrangePdfAdapter.java,../data/PreprocessedData/PreprocessedQueries/Screen-4/Preprocessed_with_All_GUI_Component_IDs/replaced_query/bug_report_1205.txt,0.514500617980957
/Users/junayed/Documents/NecessaryDocs/GeorgeMasonUniversity/Research/Projects/BugLocalization/Backup/CodeUnused/BuggyProjects/bug-1205/app/src/main/java/swati4star/createpdf/adapter/MergeSelectedFilesAdapter.java,../data/PreprocessedData/PreprocessedQueries/Screen-4/Preprocessed_with_All_GUI_Component_IDs/replaced_query/bug_report_1205.txt,0.509253203868866
/Users/junayed/Documents/NecessaryDocs/GeorgeMasonUniversity/Research/Projects/BugLocalization/Backup/CodeUnused/BuggyProjects/bug-1205/app/src/main/java/swati4star/createpdf/adapter/FilesListAdapter.java,../data/PreprocessedData/PreprocessedQueries/Screen-4/Preprocessed_with_All_GUI_Component_IDs/replaced_query/bug_report_1205.txt,0.5134453773498535
/Users/junayed/Documents/NecessaryDocs/GeorgeMasonUniversity/Research/Projects/BugLocalization/Backup/CodeUnused/BuggyProjects/bug-1205/app/src/main/java/swati4star/createpdf/adapter/HistoryAdapter.java,../data/PreprocessedData/PreprocessedQueries/Screen-4/Preprocessed_with_All_GUI_Component_IDs/replaced_query/bug_report_1205.txt,0.4863404333591461
/Users/junayed/Documents/NecessaryDocs/GeorgeMasonUniversity/Research/Projects/BugLocalization/Backup/CodeUnused/BuggyProjects/bug-1205/app/src/main/java/swati4star/createpdf/adapter/ViewFilesAdapter.java,../data/PreprocessedData/PreprocessedQueries/Screen-4/Preprocessed_with_All_GUI_Component_IDs/replaced_query/bug_report_1205.txt,0.6828560829162598
/Users/junayed/Documents/NecessaryDocs/GeorgeMasonUniversity/Research/Projects/BugLocalization/Backup/CodeUnused/BuggyProjects/bug-1205/app/src/main/java/swati4star/createpdf/adapter/RearrangeImagesAdapter.java,../data/PreprocessedData/PreprocessedQueries/Screen-4/Preprocessed_with_All_GUI_Component_IDs/replaced_query/bug_report_1205.txt,0.5429882407188416
/Users/junayed/Documents/NecessaryDocs/GeorgeMasonUniversity/Research/Projects/BugLocalization/Backup/CodeUnused/BuggyProjects/bug-1205/app/src/main/java/swati4star/createpdf/adapter/ImageFiltersAdapter.java,../data/PreprocessedData/PreprocessedQueries/Screen-4/Preprocessed_with_All_GUI_Component_IDs/replaced_query/bug_report_1205.txt,0.4624001681804657
/Users/junayed/Documents/NecessaryDocs/GeorgeMasonUniversity/Research/Projects/BugLocalization/Backup/CodeUnused/BuggyProjects/bug-1205/app/src/main/java/swati4star/createpdf/adapter/MergeFilesAdapter.java,../data/PreprocessedData/PreprocessedQueries/Screen-4/Preprocessed_with_All_GUI_Component_IDs/replaced_query/bug_report_1205.txt,0.5945718884468079
/Users/junayed/Documents/NecessaryDocs/GeorgeMasonUniversity/Research/Projects/BugLocalization/Backup/CodeUnused/BuggyProjects/bug-1205/app/src/main/java/swati4star/createpdf/adapter/PreviewAdapter.java,../data/PreprocessedData/PreprocessedQueries/Screen-4/Preprocessed_with_All_GUI_Component_IDs/replaced_query/bug_report_1205.txt,0.514177680015564
/Users/junayed/Documents/NecessaryDocs/GeorgeMasonUniversity/Research/Projects/BugLocalization/Backup/CodeUnused/BuggyProjects/bug-1205/app/src/main/java/swati4star/createpdf/adapter/ExtractImagesAdapter.java,../data/PreprocessedData/PreprocessedQueries/Screen-4/Preprocessed_with_All_GUI_Component_IDs/replaced_query/bug_report_1205.txt,0.5765264630317688
/Users/junayed/Documents/NecessaryDocs/GeorgeMasonUniversity/Research/Projects/BugLocalization/Backup/CodeUnused/BuggyProjects/bug-1205/app/src/main/java/swati4star/createpdf/adapter/WhatsNewAdapter.java,../data/PreprocessedData/PreprocessedQueries/Screen-4/Preprocessed_with_All_GUI_Component_IDs/replaced_query/bug_report_1205.txt,0.4862731099128723
/Users/junayed/Documents/NecessaryDocs/GeorgeMasonUniversity/Research/Projects/BugLocalization/Backup/CodeUnused/BuggyProjects/bug-1205/app/src/main/java/swati4star/createpdf/adapter/BrushItemAdapter.java,../data/PreprocessedData/PreprocessedQueries/Screen-4/Preprocessed_with_All_GUI_Component_IDs/replaced_query/bug_report_1205.txt,0.5123212933540344
/Users/junayed/Documents/NecessaryDocs/GeorgeMasonUniversity/Research/Projects/BugLocalization/Backup/CodeUnused/BuggyProjects/bug-1205/app/src/main/java/swati4star/createpdf/model/EnhancementOptionsEntity.java,../data/PreprocessedData/PreprocessedQueries/Screen-4/Preprocessed_with_All_GUI_Component_IDs/replaced_query/bug_report_1205.txt,0.44548800587654114
/Users/junayed/Documents/NecessaryDocs/GeorgeMasonUniversity/Research/Projects/BugLocalization/Backup/CodeUnused/BuggyProjects/bug-1205/app/src/main/java/swati4star/createpdf/interfaces/ExtractImagesListener.java,../data/PreprocessedData/PreprocessedQueries/Screen-4/Preprocessed_with_All_GUI_Component_IDs/replaced_query/bug_report_1205.txt,0.4403420686721802
/Users/junayed/Documents/NecessaryDocs/GeorgeMasonUniversity/Research/Projects/BugLocalization/Backup/CodeUnused/BuggyProjects/bug-1205/app/src/main/java/swati4star/createpdf/interfaces/MergeFilesListener.java,../data/PreprocessedData/PreprocessedQueries/Screen-4/Preprocessed_with_All_GUI_Component_IDs/replaced_query/bug_report_1205.txt,0.4010032117366791
/Users/junayed/Documents/NecessaryDocs/GeorgeMasonUniversity/Research/Projects/BugLocalization/Backup/CodeUnused/BuggyProjects/bug-1205/app/src/main/java/swati4star/createpdf/interfaces/OnPDFCompressedInterface.java,../data/PreprocessedData/PreprocessedQueries/Screen-4/Preprocessed_with_All_GUI_Component_IDs/replaced_query/bug_report_1205.txt,0.3930304944515228
/Users/junayed/Documents/NecessaryDocs/GeorgeMasonUniversity/Research/Projects/BugLocalization/Backup/CodeUnused/BuggyProjects/bug-1205/app/src/main/java/swati4star/createpdf/interfaces/ItemSelectedListener.java,../data/PreprocessedData/PreprocessedQueries/Screen-4/Preprocessed_with_All_GUI_Component_IDs/replaced_query/bug_report_1205.txt,0.37925225496292114
/Users/junayed/Documents/NecessaryDocs/GeorgeMasonUniversity/Research/Projects/BugLocalization/Backup/CodeUnused/BuggyProjects/bug-1205/app/src/main/java/swati4star/createpdf/interfaces/EmptyStateChangeListener.java,../data/PreprocessedData/PreprocessedQueries/Screen-4/Preprocessed_with_All_GUI_Component_IDs/replaced_query/bug_report_1205.txt,0.33326634764671326
/Users/junayed/Documents/NecessaryDocs/GeorgeMasonUniversity/Research/Projects/BugLocalization/Backup/CodeUnused/BuggyProjects/bug-1205/app/src/main/java/swati4star/createpdf/interfaces/DataSetChanged.java,../data/PreprocessedData/PreprocessedQueries/Screen-4/Preprocessed_with_All_GUI_Component_IDs/replaced_query/bug_report_1205.txt,0.3428671061992645
/Users/junayed/Documents/NecessaryDocs/GeorgeMasonUniversity/Research/Projects/BugLocalization/Backup/CodeUnused/BuggyProjects/bug-1205/app/src/main/java/swati4star/createpdf/interfaces/BottomSheetPopulate.java,../data/PreprocessedData/PreprocessedQueries/Screen-4/Preprocessed_with_All_GUI_Component_IDs/replaced_query/bug_report_1205.txt,0.29105859994888306
/Users/junayed/Documents/NecessaryDocs/GeorgeMasonUniversity/Research/Projects/BugLocalization/Backup/CodeUnused/BuggyProjects/bug-1205/app/src/main/java/swati4star/createpdf/interfaces/OnItemClickListner.java,../data/PreprocessedData/PreprocessedQueries/Screen-4/Preprocessed_with_All_GUI_Component_IDs/replaced_query/bug_report_1205.txt,0.3830696642398834
/Users/junayed/Documents/NecessaryDocs/GeorgeMasonUniversity/Research/Projects/BugLocalization/Backup/CodeUnused/BuggyProjects/bug-1205/app/src/main/java/swati4star/createpdf/interfaces/OnPDFCreatedInterface.java,../data/PreprocessedData/PreprocessedQueries/Screen-4/Preprocessed_with_All_GUI_Component_IDs/replaced_query/bug_report_1205.txt,0.33692747354507446
/Users/junayed/Documents/NecessaryDocs/GeorgeMasonUniversity/Research/Projects/BugLocalization/Backup/CodeUnused/BuggyProjects/bug-1205/app/src/main/java/swati4star/createpdf/interfaces/OnFilterItemClickedListener.java,../data/PreprocessedData/PreprocessedQueries/Screen-4/Preprocessed_with_All_GUI_Component_IDs/replaced_query/bug_report_1205.txt,0.39315274357795715
/Users/junayed/Documents/NecessaryDocs/GeorgeMasonUniversity/Research/Projects/BugLocalization/Backup/CodeUnused/BuggyProjects/bug-1205/app/src/main/java/swati4star/createpdf/util/ImageSortUtils.java,../data/PreprocessedData/PreprocessedQueries/Screen-4/Preprocessed_with_All_GUI_Component_IDs/replaced_query/bug_report_1205.txt,0.38263949751853943
/Users/junayed/Documents/NecessaryDocs/GeorgeMasonUniversity/Research/Projects/BugLocalization/Backup/CodeUnused/BuggyProjects/bug-1205/app/src/main/java/swati4star/createpdf/util/CreatePdf.java,../data/PreprocessedData/PreprocessedQueries/Screen-4/Preprocessed_with_All_GUI_Component_IDs/replaced_query/bug_report_1205.txt,0.6608154773712158
/Users/junayed/Documents/NecessaryDocs/GeorgeMasonUniversity/Research/Projects/BugLocalization/Backup/CodeUnused/BuggyProjects/bug-1205/app/src/main/java/swati4star/createpdf/util/PopulateList.java,../data/PreprocessedData/PreprocessedQueries/Screen-4/Preprocessed_with_All_GUI_Component_IDs/replaced_query/bug_report_1205.txt,0.5018168687820435
/Users/junayed/Documents/NecessaryDocs/GeorgeMasonUniversity/Research/Projects/BugLocalization/Backup/CodeUnused/BuggyProjects/bug-1205/app/src/main/java/swati4star/createpdf/util/BottomSheetUtils.java,../data/PreprocessedData/PreprocessedQueries/Screen-4/Preprocessed_with_All_GUI_Component_IDs/replaced_query/bug_report_1205.txt,0.4059368968009949
/Users/junayed/Documents/NecessaryDocs/GeorgeMasonUniversity/Research/Projects/BugLocalization/Backup/CodeUnused/BuggyProjects/bug-1205/app/src/main/java/swati4star/createpdf/util/FileSortUtils.java,../data/PreprocessedData/PreprocessedQueries/Screen-4/Preprocessed_with_All_GUI_Component_IDs/replaced_query/bug_report_1205.txt,0.46596431732177734
/Users/junayed/Documents/NecessaryDocs/GeorgeMasonUniversity/Research/Projects/BugLocalization/Backup/CodeUnused/BuggyProjects/bug-1205/app/src/main/java/swati4star/createpdf/util/BrushUtils.java,../data/PreprocessedData/PreprocessedQueries/Screen-4/Preprocessed_with_All_GUI_Component_IDs/replaced_query/bug_report_1205.txt,0.3468625545501709
/Users/junayed/Documents/NecessaryDocs/GeorgeMasonUniversity/Research/Projects/BugLocalization/Backup/CodeUnused/BuggyProjects/bug-1205/app/src/main/java/swati4star/createpdf/util/ExtractImages.java,../data/PreprocessedData/PreprocessedQueries/Screen-4/Preprocessed_with_All_GUI_Component_IDs/replaced_query/bug_report_1205.txt,0.4613468050956726
/Users/junayed/Documents/NecessaryDocs/GeorgeMasonUniversity/Research/Projects/BugLocalization/Backup/CodeUnused/BuggyProjects/bug-1205/app/src/main/java/swati4star/createpdf/util/InvertPdf.java,../data/PreprocessedData/PreprocessedQueries/Screen-4/Preprocessed_with_All_GUI_Component_IDs/replaced_query/bug_report_1205.txt,0.47058936953544617
/Users/junayed/Documents/NecessaryDocs/GeorgeMasonUniversity/Research/Projects/BugLocalization/Backup/CodeUnused/BuggyProjects/bug-1205/app/src/main/java/swati4star/createpdf/util/WatermarkPageEvent.java,../data/PreprocessedData/PreprocessedQueries/Screen-4/Preprocessed_with_All_GUI_Component_IDs/replaced_query/bug_report_1205.txt,0.4592859447002411
/Users/junayed/Documents/NecessaryDocs/GeorgeMasonUniversity/Research/Projects/BugLocalization/Backup/CodeUnused/BuggyProjects/bug-1205/app/src/main/java/swati4star/createpdf/util/PdfToImages.java,../data/PreprocessedData/PreprocessedQueries/Screen-4/Preprocessed_with_All_GUI_Component_IDs/replaced_query/bug_report_1205.txt,0.4813896119594574
/Users/junayed/Documents/NecessaryDocs/GeorgeMasonUniversity/Research/Projects/BugLocalization/Backup/CodeUnused/BuggyProjects/bug-1205/app/src/main/java/swati4star/createpdf/util/RemoveDuplicates.java,../data/PreprocessedData/PreprocessedQueries/Screen-4/Preprocessed_with_All_GUI_Component_IDs/replaced_query/bug_report_1205.txt,0.4984620213508606
/Users/junayed/Documents/NecessaryDocs/GeorgeMasonUniversity/Research/Projects/BugLocalization/Backup/CodeUnused/BuggyProjects/bug-1205/app/src/main/java/swati4star/createpdf/util/MorphButtonUtility.java,../data/PreprocessedData/PreprocessedQueries/Screen-4/Preprocessed_with_All_GUI_Component_IDs/replaced_query/bug_report_1205.txt,0.37447479367256165
/Users/junayed/Documents/NecessaryDocs/GeorgeMasonUniversity/Research/Projects/BugLocalization/Backup/CodeUnused/BuggyProjects/bug-1205/app/src/main/java/swati4star/createpdf/util/PopulateBottomSheetList.java,../data/PreprocessedData/PreprocessedQueries/Screen-4/Preprocessed_with_All_GUI_Component_IDs/replaced_query/bug_report_1205.txt,0.375336617231369
/Users/junayed/Documents/NecessaryDocs/GeorgeMasonUniversity/Research/Projects/BugLocalization/Backup/CodeUnused/BuggyProjects/bug-1205/app/src/main/java/swati4star/createpdf/database/HistoryDao.java,../data/PreprocessedData/PreprocessedQueries/Screen-4/Preprocessed_with_All_GUI_Component_IDs/replaced_query/bug_report_1205.txt,0.38446134328842163
/Users/junayed/Documents/NecessaryDocs/GeorgeMasonUniversity/Research/Projects/BugLocalization/Backup/CodeUnused/BuggyProjects/bug-1205/app/src/main/java/swati4star/createpdf/model/PDFOptions.java,../data/PreprocessedData/PreprocessedQueries/Screen-4/Preprocessed_with_All_GUI_Component_IDs/replaced_query/bug_report_1205.txt,0.6611613035202026
/Users/junayed/Documents/NecessaryDocs/GeorgeMasonUniversity/Research/Projects/BugLocalization/Backup/CodeUnused/BuggyProjects/bug-1205/app/src/main/java/swati4star/createpdf/model/TextToPDFOptions.java,../data/PreprocessedData/PreprocessedQueries/Screen-4/Preprocessed_with_All_GUI_Component_IDs/replaced_query/bug_report_1205.txt,0.4734742343425751
/Users/junayed/Documents/NecessaryDocs/GeorgeMasonUniversity/Research/Projects/BugLocalization/Backup/CodeUnused/BuggyProjects/bug-1205/app/src/main/java/swati4star/createpdf/model/ImageToPDFOptions.java,../data/PreprocessedData/PreprocessedQueries/Screen-4/Preprocessed_with_All_GUI_Component_IDs/replaced_query/bug_report_1205.txt,0.6016877889633179
/Users/junayed/Documents/NecessaryDocs/GeorgeMasonUniversity/Research/Projects/BugLocalization/Backup/CodeUnused/BuggyProjects/bug-1205/app/src/main/java/swati4star/createpdf/model/PreviewImageOptionItem.java,../data/PreprocessedData/PreprocessedQueries/Screen-4/Preprocessed_with_All_GUI_Component_IDs/replaced_query/bug_report_1205.txt,0.4474475383758545
/Users/junayed/Documents/NecessaryDocs/GeorgeMasonUniversity/Research/Projects/BugLocalization/Backup/CodeUnused/BuggyProjects/bug-1205/app/src/main/java/swati4star/createpdf/model/BrushItem.java,../data/PreprocessedData/PreprocessedQueries/Screen-4/Preprocessed_with_All_GUI_Component_IDs/replaced_query/bug_report_1205.txt,0.2666090726852417
/Users/junayed/Documents/NecessaryDocs/GeorgeMasonUniversity/Research/Projects/BugLocalization/Backup/CodeUnused/BuggyProjects/bug-1205/app/src/main/java/swati4star/createpdf/model/WhatsNew.java,../data/PreprocessedData/PreprocessedQueries/Screen-4/Preprocessed_with_All_GUI_Component_IDs/replaced_query/bug_report_1205.txt,0.408504843711853
/Users/junayed/Documents/NecessaryDocs/GeorgeMasonUniversity/Research/Projects/BugLocalization/Backup/CodeUnused/BuggyProjects/bug-1205/app/src/main/java/swati4star/createpdf/model/Watermark.java,../data/PreprocessedData/PreprocessedQueries/Screen-4/Preprocessed_with_All_GUI_Component_IDs/replaced_query/bug_report_1205.txt,0.42291659116744995
/Users/junayed/Documents/NecessaryDocs/GeorgeMasonUniversity/Research/Projects/BugLocalization/Backup/CodeUnused/BuggyProjects/bug-1205/app/src/main/java/swati4star/createpdf/model/FilterItem.java,../data/PreprocessedData/PreprocessedQueries/Screen-4/Preprocessed_with_All_GUI_Component_IDs/replaced_query/bug_report_1205.txt,0.43490561842918396
/Users/junayed/Documents/NecessaryDocs/GeorgeMasonUniversity/Research/Projects/BugLocalization/Backup/CodeUnused/BuggyProjects/bug-1205/app/src/androidTest/java/swati4star/createpdf/ApplicationTest.java,../data/PreprocessedData/PreprocessedQueries/Screen-4/Preprocessed_with_All_GUI_Component_IDs/replaced_query/bug_report_1205.txt,0.24896201491355896
/Users/junayed/Documents/NecessaryDocs/GeorgeMasonUniversity/Research/Projects/BugLocalization/Backup/CodeUnused/BuggyProjects/bug-1205/app/src/test/java/util/FileUtilsTest.java,../data/PreprocessedData/PreprocessedQueries/Screen-4/Preprocessed_with_All_GUI_Component_IDs/replaced_query/bug_report_1205.txt,0.32097333669662476
