Source_Code_Filename,Preprocessed_Query_File,Cosine_Similarity
/Users/junayed/Documents/NecessaryDocs/GeorgeMasonUniversity/Research/Projects/BugLocalization/Backup/CodeUnused/BuggyProjects/bug-44/omniNotes/src/main/java/it/feio/android/omninotes/DetailFragment.java,../data/PreprocessedData/PreprocessedQueries/Screen-3/Preprocessed_with_GUI_State_and_All_GUI_Component_IDs/replaced_query/bug_report_44.txt,0.7039691805839539
/Users/junayed/Documents/NecessaryDocs/GeorgeMasonUniversity/Research/Projects/BugLocalization/Backup/CodeUnused/BuggyProjects/bug-44/omniNotes/src/main/java/it/feio/android/omninotes/MainActivity.java,../data/PreprocessedData/PreprocessedQueries/Screen-3/Preprocessed_with_GUI_State_and_All_GUI_Component_IDs/replaced_query/bug_report_44.txt,0.6538076400756836
/Users/junayed/Documents/NecessaryDocs/GeorgeMasonUniversity/Research/Projects/BugLocalization/Backup/CodeUnused/BuggyProjects/bug-44/omniNotes/src/main/java/it/feio/android/omninotes/SettingsActivity.java,../data/PreprocessedData/PreprocessedQueries/Screen-3/Preprocessed_with_GUI_State_and_All_GUI_Component_IDs/replaced_query/bug_report_44.txt,0.5682051777839661
/Users/junayed/Documents/NecessaryDocs/GeorgeMasonUniversity/Research/Projects/BugLocalization/Backup/CodeUnused/BuggyProjects/bug-44/omniNotes/src/main/java/it/feio/android/omninotes/FontSizeListPreference.java,../data/PreprocessedData/PreprocessedQueries/Screen-3/Preprocessed_with_GUI_State_and_All_GUI_Component_IDs/replaced_query/bug_report_44.txt,0.5333718657493591
/Users/junayed/Documents/NecessaryDocs/GeorgeMasonUniversity/Research/Projects/BugLocalization/Backup/CodeUnused/BuggyProjects/bug-44/omniNotes/src/main/java/it/feio/android/omninotes/ListFragment.java,../data/PreprocessedData/PreprocessedQueries/Screen-3/Preprocessed_with_GUI_State_and_All_GUI_Component_IDs/replaced_query/bug_report_44.txt,0.6492795348167419
/Users/junayed/Documents/NecessaryDocs/GeorgeMasonUniversity/Research/Projects/BugLocalization/Backup/CodeUnused/BuggyProjects/bug-44/omniNotes/src/main/java/it/feio/android/omninotes/NoteInfosActivity.java,../data/PreprocessedData/PreprocessedQueries/Screen-3/Preprocessed_with_GUI_State_and_All_GUI_Component_IDs/replaced_query/bug_report_44.txt,0.44204241037368774
/Users/junayed/Documents/NecessaryDocs/GeorgeMasonUniversity/Research/Projects/BugLocalization/Backup/CodeUnused/BuggyProjects/bug-44/omniNotes/src/main/java/it/feio/android/omninotes/StatsActivity.java,../data/PreprocessedData/PreprocessedQueries/Screen-3/Preprocessed_with_GUI_State_and_All_GUI_Component_IDs/replaced_query/bug_report_44.txt,0.5136035680770874
/Users/junayed/Documents/NecessaryDocs/GeorgeMasonUniversity/Research/Projects/BugLocalization/Backup/CodeUnused/BuggyProjects/bug-44/omniNotes/src/main/java/it/feio/android/omninotes/SketchFragment.java,../data/PreprocessedData/PreprocessedQueries/Screen-3/Preprocessed_with_GUI_State_and_All_GUI_Component_IDs/replaced_query/bug_report_44.txt,0.5720498561859131
/Users/junayed/Documents/NecessaryDocs/GeorgeMasonUniversity/Research/Projects/BugLocalization/Backup/CodeUnused/BuggyProjects/bug-44/omniNotes/src/main/java/it/feio/android/omninotes/PasswordActivity.java,../data/PreprocessedData/PreprocessedQueries/Screen-3/Preprocessed_with_GUI_State_and_All_GUI_Component_IDs/replaced_query/bug_report_44.txt,0.5461166501045227
/Users/junayed/Documents/NecessaryDocs/GeorgeMasonUniversity/Research/Projects/BugLocalization/Backup/CodeUnused/BuggyProjects/bug-44/omniNotes/src/main/java/it/feio/android/omninotes/SnoozeActivity.java,../data/PreprocessedData/PreprocessedQueries/Screen-3/Preprocessed_with_GUI_State_and_All_GUI_Component_IDs/replaced_query/bug_report_44.txt,0.5832483768463135
/Users/junayed/Documents/NecessaryDocs/GeorgeMasonUniversity/Research/Projects/BugLocalization/Backup/CodeUnused/BuggyProjects/bug-44/omniNotes/src/main/java/it/feio/android/omninotes/GalleryActivity.java,../data/PreprocessedData/PreprocessedQueries/Screen-3/Preprocessed_with_GUI_State_and_All_GUI_Component_IDs/replaced_query/bug_report_44.txt,0.5696289539337158
/Users/junayed/Documents/NecessaryDocs/GeorgeMasonUniversity/Research/Projects/BugLocalization/Backup/CodeUnused/BuggyProjects/bug-44/omniNotes/src/main/java/it/feio/android/omninotes/BaseActivity.java,../data/PreprocessedData/PreprocessedQueries/Screen-3/Preprocessed_with_GUI_State_and_All_GUI_Component_IDs/replaced_query/bug_report_44.txt,0.5999763607978821
/Users/junayed/Documents/NecessaryDocs/GeorgeMasonUniversity/Research/Projects/BugLocalization/Backup/CodeUnused/BuggyProjects/bug-44/omniNotes/src/main/java/it/feio/android/omninotes/AboutActivity.java,../data/PreprocessedData/PreprocessedQueries/Screen-3/Preprocessed_with_GUI_State_and_All_GUI_Component_IDs/replaced_query/bug_report_44.txt,0.5835313200950623
/Users/junayed/Documents/NecessaryDocs/GeorgeMasonUniversity/Research/Projects/BugLocalization/Backup/CodeUnused/BuggyProjects/bug-44/omniNotes/src/main/java/it/feio/android/omninotes/OmniNotes.java,../data/PreprocessedData/PreprocessedQueries/Screen-3/Preprocessed_with_GUI_State_and_All_GUI_Component_IDs/replaced_query/bug_report_44.txt,0.4903636574745178
/Users/junayed/Documents/NecessaryDocs/GeorgeMasonUniversity/Research/Projects/BugLocalization/Backup/CodeUnused/BuggyProjects/bug-44/omniNotes/src/main/java/it/feio/android/omninotes/ShortcutActivity.java,../data/PreprocessedData/PreprocessedQueries/Screen-3/Preprocessed_with_GUI_State_and_All_GUI_Component_IDs/replaced_query/bug_report_44.txt,0.47699031233787537
/Users/junayed/Documents/NecessaryDocs/GeorgeMasonUniversity/Research/Projects/BugLocalization/Backup/CodeUnused/BuggyProjects/bug-44/omniNotes/src/main/java/it/feio/android/omninotes/NavigationDrawerFragment.java,../data/PreprocessedData/PreprocessedQueries/Screen-3/Preprocessed_with_GUI_State_and_All_GUI_Component_IDs/replaced_query/bug_report_44.txt,0.6466113924980164
/Users/junayed/Documents/NecessaryDocs/GeorgeMasonUniversity/Research/Projects/BugLocalization/Backup/CodeUnused/BuggyProjects/bug-44/omniNotes/src/main/java/it/feio/android/omninotes/CategoryActivity.java,../data/PreprocessedData/PreprocessedQueries/Screen-3/Preprocessed_with_GUI_State_and_All_GUI_Component_IDs/replaced_query/bug_report_44.txt,0.5835006833076477
/Users/junayed/Documents/NecessaryDocs/GeorgeMasonUniversity/Research/Projects/BugLocalization/Backup/CodeUnused/BuggyProjects/bug-44/omniNotes/src/main/java/it/feio/android/omninotes/BaseFragment.java,../data/PreprocessedData/PreprocessedQueries/Screen-3/Preprocessed_with_GUI_State_and_All_GUI_Component_IDs/replaced_query/bug_report_44.txt,0.5362893342971802
/Users/junayed/Documents/NecessaryDocs/GeorgeMasonUniversity/Research/Projects/BugLocalization/Backup/CodeUnused/BuggyProjects/bug-44/omniNotes/src/main/java/it/feio/android/omninotes/SettingsFragment.java,../data/PreprocessedData/PreprocessedQueries/Screen-3/Preprocessed_with_GUI_State_and_All_GUI_Component_IDs/replaced_query/bug_report_44.txt,0.6204812526702881
/Users/junayed/Documents/NecessaryDocs/GeorgeMasonUniversity/Research/Projects/BugLocalization/Backup/CodeUnused/BuggyProjects/bug-44/omniNotes/src/main/java/it/feio/android/omninotes/helpers/AttachmentsHelper.java,../data/PreprocessedData/PreprocessedQueries/Screen-3/Preprocessed_with_GUI_State_and_All_GUI_Component_IDs/replaced_query/bug_report_44.txt,0.4016581177711487
/Users/junayed/Documents/NecessaryDocs/GeorgeMasonUniversity/Research/Projects/BugLocalization/Backup/CodeUnused/BuggyProjects/bug-44/omniNotes/src/main/java/it/feio/android/omninotes/helpers/NotesHelper.java,../data/PreprocessedData/PreprocessedQueries/Screen-3/Preprocessed_with_GUI_State_and_All_GUI_Component_IDs/replaced_query/bug_report_44.txt,0.5646189451217651
/Users/junayed/Documents/NecessaryDocs/GeorgeMasonUniversity/Research/Projects/BugLocalization/Backup/CodeUnused/BuggyProjects/bug-44/omniNotes/src/main/java/it/feio/android/omninotes/helpers/PermissionsHelper.java,../data/PreprocessedData/PreprocessedQueries/Screen-3/Preprocessed_with_GUI_State_and_All_GUI_Component_IDs/replaced_query/bug_report_44.txt,0.5213016867637634
/Users/junayed/Documents/NecessaryDocs/GeorgeMasonUniversity/Research/Projects/BugLocalization/Backup/CodeUnused/BuggyProjects/bug-44/omniNotes/src/main/java/it/feio/android/omninotes/helpers/LanguageHelper.java,../data/PreprocessedData/PreprocessedQueries/Screen-3/Preprocessed_with_GUI_State_and_All_GUI_Component_IDs/replaced_query/bug_report_44.txt,0.45208799839019775
/Users/junayed/Documents/NecessaryDocs/GeorgeMasonUniversity/Research/Projects/BugLocalization/Backup/CodeUnused/BuggyProjects/bug-44/omniNotes/src/main/java/it/feio/android/omninotes/helpers/AppVersionHelper.java,../data/PreprocessedData/PreprocessedQueries/Screen-3/Preprocessed_with_GUI_State_and_All_GUI_Component_IDs/replaced_query/bug_report_44.txt,0.36817604303359985
/Users/junayed/Documents/NecessaryDocs/GeorgeMasonUniversity/Research/Projects/BugLocalization/Backup/CodeUnused/BuggyProjects/bug-44/omniNotes/src/main/java/it/feio/android/omninotes/helpers/date/DateHelper.java,../data/PreprocessedData/PreprocessedQueries/Screen-3/Preprocessed_with_GUI_State_and_All_GUI_Component_IDs/replaced_query/bug_report_44.txt,0.42373907566070557
/Users/junayed/Documents/NecessaryDocs/GeorgeMasonUniversity/Research/Projects/BugLocalization/Backup/CodeUnused/BuggyProjects/bug-44/omniNotes/src/main/java/it/feio/android/omninotes/async/TextWorkerTask.java,../data/PreprocessedData/PreprocessedQueries/Screen-3/Preprocessed_with_GUI_State_and_All_GUI_Component_IDs/replaced_query/bug_report_44.txt,0.5535383820533752
/Users/junayed/Documents/NecessaryDocs/GeorgeMasonUniversity/Research/Projects/BugLocalization/Backup/CodeUnused/BuggyProjects/bug-44/omniNotes/src/main/java/it/feio/android/omninotes/async/UpdaterTask.java,../data/PreprocessedData/PreprocessedQueries/Screen-3/Preprocessed_with_GUI_State_and_All_GUI_Component_IDs/replaced_query/bug_report_44.txt,0.6517490148544312
/Users/junayed/Documents/NecessaryDocs/GeorgeMasonUniversity/Research/Projects/BugLocalization/Backup/CodeUnused/BuggyProjects/bug-44/omniNotes/src/main/java/it/feio/android/omninotes/async/AttachmentTask.java,../data/PreprocessedData/PreprocessedQueries/Screen-3/Preprocessed_with_GUI_State_and_All_GUI_Component_IDs/replaced_query/bug_report_44.txt,0.49096646904945374
/Users/junayed/Documents/NecessaryDocs/GeorgeMasonUniversity/Research/Projects/BugLocalization/Backup/CodeUnused/BuggyProjects/bug-44/omniNotes/src/main/java/it/feio/android/omninotes/async/AlarmRestoreOnRebootService.java,../data/PreprocessedData/PreprocessedQueries/Screen-3/Preprocessed_with_GUI_State_and_All_GUI_Component_IDs/replaced_query/bug_report_44.txt,0.507728636264801
/Users/junayed/Documents/NecessaryDocs/GeorgeMasonUniversity/Research/Projects/BugLocalization/Backup/CodeUnused/BuggyProjects/bug-44/omniNotes/src/main/java/it/feio/android/omninotes/async/MainMenuTask.java,../data/PreprocessedData/PreprocessedQueries/Screen-3/Preprocessed_with_GUI_State_and_All_GUI_Component_IDs/replaced_query/bug_report_44.txt,0.5606819987297058
/Users/junayed/Documents/NecessaryDocs/GeorgeMasonUniversity/Research/Projects/BugLocalization/Backup/CodeUnused/BuggyProjects/bug-44/omniNotes/src/main/java/it/feio/android/omninotes/async/CategoryMenuTask.java,../data/PreprocessedData/PreprocessedQueries/Screen-3/Preprocessed_with_GUI_State_and_All_GUI_Component_IDs/replaced_query/bug_report_44.txt,0.5750031471252441
/Users/junayed/Documents/NecessaryDocs/GeorgeMasonUniversity/Research/Projects/BugLocalization/Backup/CodeUnused/BuggyProjects/bug-44/omniNotes/src/main/java/it/feio/android/omninotes/async/UpdateWidgetsTask.java,../data/PreprocessedData/PreprocessedQueries/Screen-3/Preprocessed_with_GUI_State_and_All_GUI_Component_IDs/replaced_query/bug_report_44.txt,0.43743160367012024
/Users/junayed/Documents/NecessaryDocs/GeorgeMasonUniversity/Research/Projects/BugLocalization/Backup/CodeUnused/BuggyProjects/bug-44/omniNotes/src/main/java/it/feio/android/omninotes/async/DataBackupIntentService.java,../data/PreprocessedData/PreprocessedQueries/Screen-3/Preprocessed_with_GUI_State_and_All_GUI_Component_IDs/replaced_query/bug_report_44.txt,0.5899262428283691
/Users/junayed/Documents/NecessaryDocs/GeorgeMasonUniversity/Research/Projects/BugLocalization/Backup/CodeUnused/BuggyProjects/bug-44/omniNotes/src/main/java/it/feio/android/omninotes/async/notes/NoteProcessor.java,../data/PreprocessedData/PreprocessedQueries/Screen-3/Preprocessed_with_GUI_State_and_All_GUI_Component_IDs/replaced_query/bug_report_44.txt,0.3413107097148895
/Users/junayed/Documents/NecessaryDocs/GeorgeMasonUniversity/Research/Projects/BugLocalization/Backup/CodeUnused/BuggyProjects/bug-44/omniNotes/src/main/java/it/feio/android/omninotes/async/notes/NoteProcessorTrash.java,../data/PreprocessedData/PreprocessedQueries/Screen-3/Preprocessed_with_GUI_State_and_All_GUI_Component_IDs/replaced_query/bug_report_44.txt,0.4174971580505371
/Users/junayed/Documents/NecessaryDocs/GeorgeMasonUniversity/Research/Projects/BugLocalization/Backup/CodeUnused/BuggyProjects/bug-44/omniNotes/src/main/java/it/feio/android/omninotes/async/notes/NoteProcessorDelete.java,../data/PreprocessedData/PreprocessedQueries/Screen-3/Preprocessed_with_GUI_State_and_All_GUI_Component_IDs/replaced_query/bug_report_44.txt,0.39201459288597107
/Users/junayed/Documents/NecessaryDocs/GeorgeMasonUniversity/Research/Projects/BugLocalization/Backup/CodeUnused/BuggyProjects/bug-44/omniNotes/src/main/java/it/feio/android/omninotes/async/notes/NoteLoaderTask.java,../data/PreprocessedData/PreprocessedQueries/Screen-3/Preprocessed_with_GUI_State_and_All_GUI_Component_IDs/replaced_query/bug_report_44.txt,0.49077028036117554
/Users/junayed/Documents/NecessaryDocs/GeorgeMasonUniversity/Research/Projects/BugLocalization/Backup/CodeUnused/BuggyProjects/bug-44/omniNotes/src/main/java/it/feio/android/omninotes/async/notes/NoteProcessorCategorize.java,../data/PreprocessedData/PreprocessedQueries/Screen-3/Preprocessed_with_GUI_State_and_All_GUI_Component_IDs/replaced_query/bug_report_44.txt,0.3793741464614868
/Users/junayed/Documents/NecessaryDocs/GeorgeMasonUniversity/Research/Projects/BugLocalization/Backup/CodeUnused/BuggyProjects/bug-44/omniNotes/src/main/java/it/feio/android/omninotes/async/notes/NoteProcessorArchive.java,../data/PreprocessedData/PreprocessedQueries/Screen-3/Preprocessed_with_GUI_State_and_All_GUI_Component_IDs/replaced_query/bug_report_44.txt,0.3242340683937073
/Users/junayed/Documents/NecessaryDocs/GeorgeMasonUniversity/Research/Projects/BugLocalization/Backup/CodeUnused/BuggyProjects/bug-44/omniNotes/src/main/java/it/feio/android/omninotes/async/notes/SaveNoteTask.java,../data/PreprocessedData/PreprocessedQueries/Screen-3/Preprocessed_with_GUI_State_and_All_GUI_Component_IDs/replaced_query/bug_report_44.txt,0.5533863306045532
/Users/junayed/Documents/NecessaryDocs/GeorgeMasonUniversity/Research/Projects/BugLocalization/Backup/CodeUnused/BuggyProjects/bug-44/omniNotes/src/main/java/it/feio/android/omninotes/async/bus/NavigationUpdatedEvent.java,../data/PreprocessedData/PreprocessedQueries/Screen-3/Preprocessed_with_GUI_State_and_All_GUI_Component_IDs/replaced_query/bug_report_44.txt,0.3927608132362366
/Users/junayed/Documents/NecessaryDocs/GeorgeMasonUniversity/Research/Projects/BugLocalization/Backup/CodeUnused/BuggyProjects/bug-44/omniNotes/src/main/java/it/feio/android/omninotes/async/bus/DynamicNavigationReadyEvent.java,../data/PreprocessedData/PreprocessedQueries/Screen-3/Preprocessed_with_GUI_State_and_All_GUI_Component_IDs/replaced_query/bug_report_44.txt,0.24799169600009918
/Users/junayed/Documents/NecessaryDocs/GeorgeMasonUniversity/Research/Projects/BugLocalization/Backup/CodeUnused/BuggyProjects/bug-44/omniNotes/src/main/java/it/feio/android/omninotes/async/bus/NotesLoadedEvent.java,../data/PreprocessedData/PreprocessedQueries/Screen-3/Preprocessed_with_GUI_State_and_All_GUI_Component_IDs/replaced_query/bug_report_44.txt,0.3254452347755432
/Users/junayed/Documents/NecessaryDocs/GeorgeMasonUniversity/Research/Projects/BugLocalization/Backup/CodeUnused/BuggyProjects/bug-44/omniNotes/src/main/java/it/feio/android/omninotes/async/bus/NotesMergeEvent.java,../data/PreprocessedData/PreprocessedQueries/Screen-3/Preprocessed_with_GUI_State_and_All_GUI_Component_IDs/replaced_query/bug_report_44.txt,0.32451754808425903
/Users/junayed/Documents/NecessaryDocs/GeorgeMasonUniversity/Research/Projects/BugLocalization/Backup/CodeUnused/BuggyProjects/bug-44/omniNotes/src/main/java/it/feio/android/omninotes/async/bus/NavigationUpdatedNavDrawerClosedEvent.java,../data/PreprocessedData/PreprocessedQueries/Screen-3/Preprocessed_with_GUI_State_and_All_GUI_Component_IDs/replaced_query/bug_report_44.txt,0.45859798789024353
/Users/junayed/Documents/NecessaryDocs/GeorgeMasonUniversity/Research/Projects/BugLocalization/Backup/CodeUnused/BuggyProjects/bug-44/omniNotes/src/main/java/it/feio/android/omninotes/async/bus/SwitchFragmentEvent.java,../data/PreprocessedData/PreprocessedQueries/Screen-3/Preprocessed_with_GUI_State_and_All_GUI_Component_IDs/replaced_query/bug_report_44.txt,0.37882041931152344
/Users/junayed/Documents/NecessaryDocs/GeorgeMasonUniversity/Research/Projects/BugLocalization/Backup/CodeUnused/BuggyProjects/bug-44/omniNotes/src/main/java/it/feio/android/omninotes/async/bus/NotesUpdatedEvent.java,../data/PreprocessedData/PreprocessedQueries/Screen-3/Preprocessed_with_GUI_State_and_All_GUI_Component_IDs/replaced_query/bug_report_44.txt,0.32431381940841675
/Users/junayed/Documents/NecessaryDocs/GeorgeMasonUniversity/Research/Projects/BugLocalization/Backup/CodeUnused/BuggyProjects/bug-44/omniNotes/src/main/java/it/feio/android/omninotes/async/bus/NotificationRemovedEvent.java,../data/PreprocessedData/PreprocessedQueries/Screen-3/Preprocessed_with_GUI_State_and_All_GUI_Component_IDs/replaced_query/bug_report_44.txt,0.4090840220451355
/Users/junayed/Documents/NecessaryDocs/GeorgeMasonUniversity/Research/Projects/BugLocalization/Backup/CodeUnused/BuggyProjects/bug-44/omniNotes/src/main/java/it/feio/android/omninotes/async/bus/PasswordRemovedEvent.java,../data/PreprocessedData/PreprocessedQueries/Screen-3/Preprocessed_with_GUI_State_and_All_GUI_Component_IDs/replaced_query/bug_report_44.txt,0.3032832145690918
/Users/junayed/Documents/NecessaryDocs/GeorgeMasonUniversity/Research/Projects/BugLocalization/Backup/CodeUnused/BuggyProjects/bug-44/omniNotes/src/main/java/it/feio/android/omninotes/async/bus/CategoriesUpdatedEvent.java,../data/PreprocessedData/PreprocessedQueries/Screen-3/Preprocessed_with_GUI_State_and_All_GUI_Component_IDs/replaced_query/bug_report_44.txt,0.17541299760341644
/Users/junayed/Documents/NecessaryDocs/GeorgeMasonUniversity/Research/Projects/BugLocalization/Backup/CodeUnused/BuggyProjects/bug-44/omniNotes/src/main/java/it/feio/android/omninotes/async/bus/PushbulletReplyEvent.java,../data/PreprocessedData/PreprocessedQueries/Screen-3/Preprocessed_with_GUI_State_and_All_GUI_Component_IDs/replaced_query/bug_report_44.txt,0.3213488459587097
/Users/junayed/Documents/NecessaryDocs/GeorgeMasonUniversity/Research/Projects/BugLocalization/Backup/CodeUnused/BuggyProjects/bug-44/omniNotes/src/main/java/it/feio/android/omninotes/async/upgrade/UpgradeProcessor.java,../data/PreprocessedData/PreprocessedQueries/Screen-3/Preprocessed_with_GUI_State_and_All_GUI_Component_IDs/replaced_query/bug_report_44.txt,0.4825845956802368
/Users/junayed/Documents/NecessaryDocs/GeorgeMasonUniversity/Research/Projects/BugLocalization/Backup/CodeUnused/BuggyProjects/bug-44/omniNotes/src/main/java/it/feio/android/omninotes/intro/IntroFragment.java,../data/PreprocessedData/PreprocessedQueries/Screen-3/Preprocessed_with_GUI_State_and_All_GUI_Component_IDs/replaced_query/bug_report_44.txt,0.4589012861251831
/Users/junayed/Documents/NecessaryDocs/GeorgeMasonUniversity/Research/Projects/BugLocalization/Backup/CodeUnused/BuggyProjects/bug-44/omniNotes/src/main/java/it/feio/android/omninotes/intro/IntroActivity.java,../data/PreprocessedData/PreprocessedQueries/Screen-3/Preprocessed_with_GUI_State_and_All_GUI_Component_IDs/replaced_query/bug_report_44.txt,0.43283525109291077
/Users/junayed/Documents/NecessaryDocs/GeorgeMasonUniversity/Research/Projects/BugLocalization/Backup/CodeUnused/BuggyProjects/bug-44/omniNotes/src/main/java/it/feio/android/omninotes/intro/IntroSlide4.java,../data/PreprocessedData/PreprocessedQueries/Screen-3/Preprocessed_with_GUI_State_and_All_GUI_Component_IDs/replaced_query/bug_report_44.txt,0.5562525391578674
/Users/junayed/Documents/NecessaryDocs/GeorgeMasonUniversity/Research/Projects/BugLocalization/Backup/CodeUnused/BuggyProjects/bug-44/omniNotes/src/main/java/it/feio/android/omninotes/intro/IntroSlide3.java,../data/PreprocessedData/PreprocessedQueries/Screen-3/Preprocessed_with_GUI_State_and_All_GUI_Component_IDs/replaced_query/bug_report_44.txt,0.5563197731971741
/Users/junayed/Documents/NecessaryDocs/GeorgeMasonUniversity/Research/Projects/BugLocalization/Backup/CodeUnused/BuggyProjects/bug-44/omniNotes/src/main/java/it/feio/android/omninotes/intro/IntroSlide5.java,../data/PreprocessedData/PreprocessedQueries/Screen-3/Preprocessed_with_GUI_State_and_All_GUI_Component_IDs/replaced_query/bug_report_44.txt,0.5494699478149414
/Users/junayed/Documents/NecessaryDocs/GeorgeMasonUniversity/Research/Projects/BugLocalization/Backup/CodeUnused/BuggyProjects/bug-44/omniNotes/src/main/java/it/feio/android/omninotes/intro/IntroSlide2.java,../data/PreprocessedData/PreprocessedQueries/Screen-3/Preprocessed_with_GUI_State_and_All_GUI_Component_IDs/replaced_query/bug_report_44.txt,0.5335930585861206
/Users/junayed/Documents/NecessaryDocs/GeorgeMasonUniversity/Research/Projects/BugLocalization/Backup/CodeUnused/BuggyProjects/bug-44/omniNotes/src/main/java/it/feio/android/omninotes/intro/IntroSlide1.java,../data/PreprocessedData/PreprocessedQueries/Screen-3/Preprocessed_with_GUI_State_and_All_GUI_Component_IDs/replaced_query/bug_report_44.txt,0.5523071885108948
/Users/junayed/Documents/NecessaryDocs/GeorgeMasonUniversity/Research/Projects/BugLocalization/Backup/CodeUnused/BuggyProjects/bug-44/omniNotes/src/main/java/it/feio/android/omninotes/intro/IntroSlide6.java,../data/PreprocessedData/PreprocessedQueries/Screen-3/Preprocessed_with_GUI_State_and_All_GUI_Component_IDs/replaced_query/bug_report_44.txt,0.5522393584251404
/Users/junayed/Documents/NecessaryDocs/GeorgeMasonUniversity/Research/Projects/BugLocalization/Backup/CodeUnused/BuggyProjects/bug-44/omniNotes/src/main/java/it/feio/android/omninotes/widget/ListWidgetService.java,../data/PreprocessedData/PreprocessedQueries/Screen-3/Preprocessed_with_GUI_State_and_All_GUI_Component_IDs/replaced_query/bug_report_44.txt,0.4663252532482147
/Users/junayed/Documents/NecessaryDocs/GeorgeMasonUniversity/Research/Projects/BugLocalization/Backup/CodeUnused/BuggyProjects/bug-44/omniNotes/src/main/java/it/feio/android/omninotes/widget/ListRemoteViewsFactory.java,../data/PreprocessedData/PreprocessedQueries/Screen-3/Preprocessed_with_GUI_State_and_All_GUI_Component_IDs/replaced_query/bug_report_44.txt,0.6250633597373962
/Users/junayed/Documents/NecessaryDocs/GeorgeMasonUniversity/Research/Projects/BugLocalization/Backup/CodeUnused/BuggyProjects/bug-44/omniNotes/src/main/java/it/feio/android/omninotes/widget/WidgetConfigurationActivity.java,../data/PreprocessedData/PreprocessedQueries/Screen-3/Preprocessed_with_GUI_State_and_All_GUI_Component_IDs/replaced_query/bug_report_44.txt,0.6063348650932312
/Users/junayed/Documents/NecessaryDocs/GeorgeMasonUniversity/Research/Projects/BugLocalization/Backup/CodeUnused/BuggyProjects/bug-44/omniNotes/src/main/java/it/feio/android/omninotes/widget/ListWidgetProvider.java,../data/PreprocessedData/PreprocessedQueries/Screen-3/Preprocessed_with_GUI_State_and_All_GUI_Component_IDs/replaced_query/bug_report_44.txt,0.48543012142181396
/Users/junayed/Documents/NecessaryDocs/GeorgeMasonUniversity/Research/Projects/BugLocalization/Backup/CodeUnused/BuggyProjects/bug-44/omniNotes/src/main/java/it/feio/android/omninotes/widget/WidgetProvider.java,../data/PreprocessedData/PreprocessedQueries/Screen-3/Preprocessed_with_GUI_State_and_All_GUI_Component_IDs/replaced_query/bug_report_44.txt,0.5506338477134705
/Users/junayed/Documents/NecessaryDocs/GeorgeMasonUniversity/Research/Projects/BugLocalization/Backup/CodeUnused/BuggyProjects/bug-44/omniNotes/src/main/java/it/feio/android/omninotes/widget/SimpleWidgetProvider.java,../data/PreprocessedData/PreprocessedQueries/Screen-3/Preprocessed_with_GUI_State_and_All_GUI_Component_IDs/replaced_query/bug_report_44.txt,0.47658461332321167
/Users/junayed/Documents/NecessaryDocs/GeorgeMasonUniversity/Research/Projects/BugLocalization/Backup/CodeUnused/BuggyProjects/bug-44/omniNotes/src/main/java/it/feio/android/omninotes/services/NotificationListener.java,../data/PreprocessedData/PreprocessedQueries/Screen-3/Preprocessed_with_GUI_State_and_All_GUI_Component_IDs/replaced_query/bug_report_44.txt,0.5646998882293701
/Users/junayed/Documents/NecessaryDocs/GeorgeMasonUniversity/Research/Projects/BugLocalization/Backup/CodeUnused/BuggyProjects/bug-44/omniNotes/src/main/java/it/feio/android/omninotes/models/Attachment.java,../data/PreprocessedData/PreprocessedQueries/Screen-3/Preprocessed_with_GUI_State_and_All_GUI_Component_IDs/replaced_query/bug_report_44.txt,0.41942358016967773
/Users/junayed/Documents/NecessaryDocs/GeorgeMasonUniversity/Research/Projects/BugLocalization/Backup/CodeUnused/BuggyProjects/bug-44/omniNotes/src/main/java/it/feio/android/omninotes/models/Tag.java,../data/PreprocessedData/PreprocessedQueries/Screen-3/Preprocessed_with_GUI_State_and_All_GUI_Component_IDs/replaced_query/bug_report_44.txt,0.4015395939350128
/Users/junayed/Documents/NecessaryDocs/GeorgeMasonUniversity/Research/Projects/BugLocalization/Backup/CodeUnused/BuggyProjects/bug-44/omniNotes/src/main/java/it/feio/android/omninotes/models/NavigationItem.java,../data/PreprocessedData/PreprocessedQueries/Screen-3/Preprocessed_with_GUI_State_and_All_GUI_Component_IDs/replaced_query/bug_report_44.txt,0.2552858591079712
/Users/junayed/Documents/NecessaryDocs/GeorgeMasonUniversity/Research/Projects/BugLocalization/Backup/CodeUnused/BuggyProjects/bug-44/omniNotes/src/main/java/it/feio/android/omninotes/models/StatsSingleNote.java,../data/PreprocessedData/PreprocessedQueries/Screen-3/Preprocessed_with_GUI_State_and_All_GUI_Component_IDs/replaced_query/bug_report_44.txt,0.4197159707546234
/Users/junayed/Documents/NecessaryDocs/GeorgeMasonUniversity/Research/Projects/BugLocalization/Backup/CodeUnused/BuggyProjects/bug-44/omniNotes/src/main/java/it/feio/android/omninotes/models/Category.java,../data/PreprocessedData/PreprocessedQueries/Screen-3/Preprocessed_with_GUI_State_and_All_GUI_Component_IDs/replaced_query/bug_report_44.txt,0.43091344833374023
/Users/junayed/Documents/NecessaryDocs/GeorgeMasonUniversity/Research/Projects/BugLocalization/Backup/CodeUnused/BuggyProjects/bug-44/omniNotes/src/main/java/it/feio/android/omninotes/models/ONStyle.java,../data/PreprocessedData/PreprocessedQueries/Screen-3/Preprocessed_with_GUI_State_and_All_GUI_Component_IDs/replaced_query/bug_report_44.txt,0.45770710706710815
/Users/junayed/Documents/NecessaryDocs/GeorgeMasonUniversity/Research/Projects/BugLocalization/Backup/CodeUnused/BuggyProjects/bug-44/omniNotes/src/main/java/it/feio/android/omninotes/models/PasswordValidator.java,../data/PreprocessedData/PreprocessedQueries/Screen-3/Preprocessed_with_GUI_State_and_All_GUI_Component_IDs/replaced_query/bug_report_44.txt,0.19852536916732788
/Users/junayed/Documents/NecessaryDocs/GeorgeMasonUniversity/Research/Projects/BugLocalization/Backup/CodeUnused/BuggyProjects/bug-44/omniNotes/src/main/java/it/feio/android/omninotes/models/ThumbnailLruCache.java,../data/PreprocessedData/PreprocessedQueries/Screen-3/Preprocessed_with_GUI_State_and_All_GUI_Component_IDs/replaced_query/bug_report_44.txt,0.3717416226863861
/Users/junayed/Documents/NecessaryDocs/GeorgeMasonUniversity/Research/Projects/BugLocalization/Backup/CodeUnused/BuggyProjects/bug-44/omniNotes/src/main/java/it/feio/android/omninotes/models/Note.java,../data/PreprocessedData/PreprocessedQueries/Screen-3/Preprocessed_with_GUI_State_and_All_GUI_Component_IDs/replaced_query/bug_report_44.txt,0.528974175453186
/Users/junayed/Documents/NecessaryDocs/GeorgeMasonUniversity/Research/Projects/BugLocalization/Backup/CodeUnused/BuggyProjects/bug-44/omniNotes/src/main/java/it/feio/android/omninotes/models/UndoBarController.java,../data/PreprocessedData/PreprocessedQueries/Screen-3/Preprocessed_with_GUI_State_and_All_GUI_Component_IDs/replaced_query/bug_report_44.txt,0.5127648115158081
/Users/junayed/Documents/NecessaryDocs/GeorgeMasonUniversity/Research/Projects/BugLocalization/Backup/CodeUnused/BuggyProjects/bug-44/omniNotes/src/main/java/it/feio/android/omninotes/models/Stats.java,../data/PreprocessedData/PreprocessedQueries/Screen-3/Preprocessed_with_GUI_State_and_All_GUI_Component_IDs/replaced_query/bug_report_44.txt,0.49075087904930115
/Users/junayed/Documents/NecessaryDocs/GeorgeMasonUniversity/Research/Projects/BugLocalization/Backup/CodeUnused/BuggyProjects/bug-44/omniNotes/src/main/java/it/feio/android/omninotes/models/PushBulletMessage.java,../data/PreprocessedData/PreprocessedQueries/Screen-3/Preprocessed_with_GUI_State_and_All_GUI_Component_IDs/replaced_query/bug_report_44.txt,0.20797474682331085
/Users/junayed/Documents/NecessaryDocs/GeorgeMasonUniversity/Research/Projects/BugLocalization/Backup/CodeUnused/BuggyProjects/bug-44/omniNotes/src/main/java/it/feio/android/omninotes/models/listeners/OnFabItemClickedListener.java,../data/PreprocessedData/PreprocessedQueries/Screen-3/Preprocessed_with_GUI_State_and_All_GUI_Component_IDs/replaced_query/bug_report_44.txt,0.23477476835250854
/Users/junayed/Documents/NecessaryDocs/GeorgeMasonUniversity/Research/Projects/BugLocalization/Backup/CodeUnused/BuggyProjects/bug-44/omniNotes/src/main/java/it/feio/android/omninotes/models/listeners/OnReminderPickedListener.java,../data/PreprocessedData/PreprocessedQueries/Screen-3/Preprocessed_with_GUI_State_and_All_GUI_Component_IDs/replaced_query/bug_report_44.txt,0.2517116367816925
/Users/junayed/Documents/NecessaryDocs/GeorgeMasonUniversity/Research/Projects/BugLocalization/Backup/CodeUnused/BuggyProjects/bug-44/omniNotes/src/main/java/it/feio/android/omninotes/models/listeners/OnNoteSaved.java,../data/PreprocessedData/PreprocessedQueries/Screen-3/Preprocessed_with_GUI_State_and_All_GUI_Component_IDs/replaced_query/bug_report_44.txt,0.28141433000564575
/Users/junayed/Documents/NecessaryDocs/GeorgeMasonUniversity/Research/Projects/BugLocalization/Backup/CodeUnused/BuggyProjects/bug-44/omniNotes/src/main/java/it/feio/android/omninotes/models/listeners/OnAttachingFileListener.java,../data/PreprocessedData/PreprocessedQueries/Screen-3/Preprocessed_with_GUI_State_and_All_GUI_Component_IDs/replaced_query/bug_report_44.txt,0.3697480261325836
/Users/junayed/Documents/NecessaryDocs/GeorgeMasonUniversity/Research/Projects/BugLocalization/Backup/CodeUnused/BuggyProjects/bug-44/omniNotes/src/main/java/it/feio/android/omninotes/models/listeners/OnViewTouchedListener.java,../data/PreprocessedData/PreprocessedQueries/Screen-3/Preprocessed_with_GUI_State_and_All_GUI_Component_IDs/replaced_query/bug_report_44.txt,0.29508405923843384
/Users/junayed/Documents/NecessaryDocs/GeorgeMasonUniversity/Research/Projects/BugLocalization/Backup/CodeUnused/BuggyProjects/bug-44/omniNotes/src/main/java/it/feio/android/omninotes/models/listeners/OnCABItemClickedListener.java,../data/PreprocessedData/PreprocessedQueries/Screen-3/Preprocessed_with_GUI_State_and_All_GUI_Component_IDs/replaced_query/bug_report_44.txt,0.31279557943344116
/Users/junayed/Documents/NecessaryDocs/GeorgeMasonUniversity/Research/Projects/BugLocalization/Backup/CodeUnused/BuggyProjects/bug-44/omniNotes/src/main/java/it/feio/android/omninotes/models/listeners/AbsListViewScrollDetector.java,../data/PreprocessedData/PreprocessedQueries/Screen-3/Preprocessed_with_GUI_State_and_All_GUI_Component_IDs/replaced_query/bug_report_44.txt,0.4494214653968811
/Users/junayed/Documents/NecessaryDocs/GeorgeMasonUniversity/Research/Projects/BugLocalization/Backup/CodeUnused/BuggyProjects/bug-44/omniNotes/src/main/java/it/feio/android/omninotes/models/listeners/OnPermissionRequestedListener.java,../data/PreprocessedData/PreprocessedQueries/Screen-3/Preprocessed_with_GUI_State_and_All_GUI_Component_IDs/replaced_query/bug_report_44.txt,0.20306983590126038
/Users/junayed/Documents/NecessaryDocs/GeorgeMasonUniversity/Research/Projects/BugLocalization/Backup/CodeUnused/BuggyProjects/bug-44/omniNotes/src/main/java/it/feio/android/omninotes/models/listeners/OnGeoUtilResultListener.java,../data/PreprocessedData/PreprocessedQueries/Screen-3/Preprocessed_with_GUI_State_and_All_GUI_Component_IDs/replaced_query/bug_report_44.txt,0.30795514583587646
/Users/junayed/Documents/NecessaryDocs/GeorgeMasonUniversity/Research/Projects/BugLocalization/Backup/CodeUnused/BuggyProjects/bug-44/omniNotes/src/main/java/it/feio/android/omninotes/models/listeners/OnDrawChangedListener.java,../data/PreprocessedData/PreprocessedQueries/Screen-3/Preprocessed_with_GUI_State_and_All_GUI_Component_IDs/replaced_query/bug_report_44.txt,0.23584280908107758
/Users/junayed/Documents/NecessaryDocs/GeorgeMasonUniversity/Research/Projects/BugLocalization/Backup/CodeUnused/BuggyProjects/bug-44/omniNotes/src/main/java/it/feio/android/omninotes/models/misc/DynamicNavigationLookupTable.java,../data/PreprocessedData/PreprocessedQueries/Screen-3/Preprocessed_with_GUI_State_and_All_GUI_Component_IDs/replaced_query/bug_report_44.txt,0.5530570149421692
/Users/junayed/Documents/NecessaryDocs/GeorgeMasonUniversity/Research/Projects/BugLocalization/Backup/CodeUnused/BuggyProjects/bug-44/omniNotes/src/main/java/it/feio/android/omninotes/models/misc/PlayStoreMetadataFetcherResult.java,../data/PreprocessedData/PreprocessedQueries/Screen-3/Preprocessed_with_GUI_State_and_All_GUI_Component_IDs/replaced_query/bug_report_44.txt,0.28275027871131897
/Users/junayed/Documents/NecessaryDocs/GeorgeMasonUniversity/Research/Projects/BugLocalization/Backup/CodeUnused/BuggyProjects/bug-44/omniNotes/src/main/java/it/feio/android/omninotes/models/holders/NoteViewHolder.java,../data/PreprocessedData/PreprocessedQueries/Screen-3/Preprocessed_with_GUI_State_and_All_GUI_Component_IDs/replaced_query/bug_report_44.txt,0.5847170352935791
/Users/junayed/Documents/NecessaryDocs/GeorgeMasonUniversity/Research/Projects/BugLocalization/Backup/CodeUnused/BuggyProjects/bug-44/omniNotes/src/main/java/it/feio/android/omninotes/models/holders/ImageAndTextItem.java,../data/PreprocessedData/PreprocessedQueries/Screen-3/Preprocessed_with_GUI_State_and_All_GUI_Component_IDs/replaced_query/bug_report_44.txt,0.30441969633102417
/Users/junayed/Documents/NecessaryDocs/GeorgeMasonUniversity/Research/Projects/BugLocalization/Backup/CodeUnused/BuggyProjects/bug-44/omniNotes/src/main/java/it/feio/android/omninotes/models/adapters/AttachmentAdapter.java,../data/PreprocessedData/PreprocessedQueries/Screen-3/Preprocessed_with_GUI_State_and_All_GUI_Component_IDs/replaced_query/bug_report_44.txt,0.5937597751617432
/Users/junayed/Documents/NecessaryDocs/GeorgeMasonUniversity/Research/Projects/BugLocalization/Backup/CodeUnused/BuggyProjects/bug-44/omniNotes/src/main/java/it/feio/android/omninotes/models/adapters/ImageAndTextAdapter.java,../data/PreprocessedData/PreprocessedQueries/Screen-3/Preprocessed_with_GUI_State_and_All_GUI_Component_IDs/replaced_query/bug_report_44.txt,0.48203039169311523
/Users/junayed/Documents/NecessaryDocs/GeorgeMasonUniversity/Research/Projects/BugLocalization/Backup/CodeUnused/BuggyProjects/bug-44/omniNotes/src/main/java/it/feio/android/omninotes/models/adapters/NoteAdapter.java,../data/PreprocessedData/PreprocessedQueries/Screen-3/Preprocessed_with_GUI_State_and_All_GUI_Component_IDs/replaced_query/bug_report_44.txt,0.6137439608573914
/Users/junayed/Documents/NecessaryDocs/GeorgeMasonUniversity/Research/Projects/BugLocalization/Backup/CodeUnused/BuggyProjects/bug-44/omniNotes/src/main/java/it/feio/android/omninotes/models/adapters/NavDrawerCategoryAdapter.java,../data/PreprocessedData/PreprocessedQueries/Screen-3/Preprocessed_with_GUI_State_and_All_GUI_Component_IDs/replaced_query/bug_report_44.txt,0.6107245683670044
/Users/junayed/Documents/NecessaryDocs/GeorgeMasonUniversity/Research/Projects/BugLocalization/Backup/CodeUnused/BuggyProjects/bug-44/omniNotes/src/main/java/it/feio/android/omninotes/models/adapters/PlacesAutoCompleteAdapter.java,../data/PreprocessedData/PreprocessedQueries/Screen-3/Preprocessed_with_GUI_State_and_All_GUI_Component_IDs/replaced_query/bug_report_44.txt,0.4186561405658722
/Users/junayed/Documents/NecessaryDocs/GeorgeMasonUniversity/Research/Projects/BugLocalization/Backup/CodeUnused/BuggyProjects/bug-44/omniNotes/src/main/java/it/feio/android/omninotes/models/adapters/NavDrawerAdapter.java,../data/PreprocessedData/PreprocessedQueries/Screen-3/Preprocessed_with_GUI_State_and_All_GUI_Component_IDs/replaced_query/bug_report_44.txt,0.5815418362617493
/Users/junayed/Documents/NecessaryDocs/GeorgeMasonUniversity/Research/Projects/BugLocalization/Backup/CodeUnused/BuggyProjects/bug-44/omniNotes/src/main/java/it/feio/android/omninotes/models/views/InterceptorFrameLayout.java,../data/PreprocessedData/PreprocessedQueries/Screen-3/Preprocessed_with_GUI_State_and_All_GUI_Component_IDs/replaced_query/bug_report_44.txt,0.4978978931903839
/Users/junayed/Documents/NecessaryDocs/GeorgeMasonUniversity/Research/Projects/BugLocalization/Backup/CodeUnused/BuggyProjects/bug-44/omniNotes/src/main/java/it/feio/android/omninotes/models/views/ExpandableHeightGridView.java,../data/PreprocessedData/PreprocessedQueries/Screen-3/Preprocessed_with_GUI_State_and_All_GUI_Component_IDs/replaced_query/bug_report_44.txt,0.3355364203453064
/Users/junayed/Documents/NecessaryDocs/GeorgeMasonUniversity/Research/Projects/BugLocalization/Backup/CodeUnused/BuggyProjects/bug-44/omniNotes/src/main/java/it/feio/android/omninotes/models/views/SketchView.java,../data/PreprocessedData/PreprocessedQueries/Screen-3/Preprocessed_with_GUI_State_and_All_GUI_Component_IDs/replaced_query/bug_report_44.txt,0.47612181305885315
/Users/junayed/Documents/NecessaryDocs/GeorgeMasonUniversity/Research/Projects/BugLocalization/Backup/CodeUnused/BuggyProjects/bug-44/omniNotes/src/main/java/it/feio/android/omninotes/models/views/Fab.java,../data/PreprocessedData/PreprocessedQueries/Screen-3/Preprocessed_with_GUI_State_and_All_GUI_Component_IDs/replaced_query/bug_report_44.txt,0.47928285598754883
/Users/junayed/Documents/NecessaryDocs/GeorgeMasonUniversity/Research/Projects/BugLocalization/Backup/CodeUnused/BuggyProjects/bug-44/omniNotes/src/main/java/it/feio/android/omninotes/models/views/InterceptorLinearLayout.java,../data/PreprocessedData/PreprocessedQueries/Screen-3/Preprocessed_with_GUI_State_and_All_GUI_Component_IDs/replaced_query/bug_report_44.txt,0.476427286863327
/Users/junayed/Documents/NecessaryDocs/GeorgeMasonUniversity/Research/Projects/BugLocalization/Backup/CodeUnused/BuggyProjects/bug-44/omniNotes/src/main/java/it/feio/android/omninotes/models/views/SquareImageView.java,../data/PreprocessedData/PreprocessedQueries/Screen-3/Preprocessed_with_GUI_State_and_All_GUI_Component_IDs/replaced_query/bug_report_44.txt,0.497829794883728
/Users/junayed/Documents/NecessaryDocs/GeorgeMasonUniversity/Research/Projects/BugLocalization/Backup/CodeUnused/BuggyProjects/bug-44/omniNotes/src/main/java/it/feio/android/omninotes/models/views/NonScrollableListView.java,../data/PreprocessedData/PreprocessedQueries/Screen-3/Preprocessed_with_GUI_State_and_All_GUI_Component_IDs/replaced_query/bug_report_44.txt,0.4546007812023163
/Users/junayed/Documents/NecessaryDocs/GeorgeMasonUniversity/Research/Projects/BugLocalization/Backup/CodeUnused/BuggyProjects/bug-44/omniNotes/src/main/java/it/feio/android/omninotes/models/views/VerticalSeekBar.java,../data/PreprocessedData/PreprocessedQueries/Screen-3/Preprocessed_with_GUI_State_and_All_GUI_Component_IDs/replaced_query/bug_report_44.txt,0.4121610224246979
/Users/junayed/Documents/NecessaryDocs/GeorgeMasonUniversity/Research/Projects/BugLocalization/Backup/CodeUnused/BuggyProjects/bug-44/omniNotes/src/main/java/it/feio/android/omninotes/db/SqlParser.java,../data/PreprocessedData/PreprocessedQueries/Screen-3/Preprocessed_with_GUI_State_and_All_GUI_Component_IDs/replaced_query/bug_report_44.txt,0.33829161524772644
/Users/junayed/Documents/NecessaryDocs/GeorgeMasonUniversity/Research/Projects/BugLocalization/Backup/CodeUnused/BuggyProjects/bug-44/omniNotes/src/main/java/it/feio/android/omninotes/db/DbHelper.java,../data/PreprocessedData/PreprocessedQueries/Screen-3/Preprocessed_with_GUI_State_and_All_GUI_Component_IDs/replaced_query/bug_report_44.txt,0.5447314977645874
/Users/junayed/Documents/NecessaryDocs/GeorgeMasonUniversity/Research/Projects/BugLocalization/Backup/CodeUnused/BuggyProjects/bug-44/omniNotes/src/main/java/it/feio/android/omninotes/factory/MediaStoreFactory.java,../data/PreprocessedData/PreprocessedQueries/Screen-3/Preprocessed_with_GUI_State_and_All_GUI_Component_IDs/replaced_query/bug_report_44.txt,0.3798835575580597
/Users/junayed/Documents/NecessaryDocs/GeorgeMasonUniversity/Research/Projects/BugLocalization/Backup/CodeUnused/BuggyProjects/bug-44/omniNotes/src/main/java/it/feio/android/omninotes/extensions/ONDashClockExtension.java,../data/PreprocessedData/PreprocessedQueries/Screen-3/Preprocessed_with_GUI_State_and_All_GUI_Component_IDs/replaced_query/bug_report_44.txt,0.6314335465431213
/Users/junayed/Documents/NecessaryDocs/GeorgeMasonUniversity/Research/Projects/BugLocalization/Backup/CodeUnused/BuggyProjects/bug-44/omniNotes/src/main/java/it/feio/android/omninotes/extensions/PushBulletExtension.java,../data/PreprocessedData/PreprocessedQueries/Screen-3/Preprocessed_with_GUI_State_and_All_GUI_Component_IDs/replaced_query/bug_report_44.txt,0.5311172008514404
/Users/junayed/Documents/NecessaryDocs/GeorgeMasonUniversity/Research/Projects/BugLocalization/Backup/CodeUnused/BuggyProjects/bug-44/omniNotes/src/main/java/it/feio/android/omninotes/exceptions/NotesLoadingException.java,../data/PreprocessedData/PreprocessedQueries/Screen-3/Preprocessed_with_GUI_State_and_All_GUI_Component_IDs/replaced_query/bug_report_44.txt,0.2967098355293274
/Users/junayed/Documents/NecessaryDocs/GeorgeMasonUniversity/Research/Projects/BugLocalization/Backup/CodeUnused/BuggyProjects/bug-44/omniNotes/src/main/java/it/feio/android/omninotes/receiver/BootCompleteReceiver.java,../data/PreprocessedData/PreprocessedQueries/Screen-3/Preprocessed_with_GUI_State_and_All_GUI_Component_IDs/replaced_query/bug_report_44.txt,0.5090534687042236
/Users/junayed/Documents/NecessaryDocs/GeorgeMasonUniversity/Research/Projects/BugLocalization/Backup/CodeUnused/BuggyProjects/bug-44/omniNotes/src/main/java/it/feio/android/omninotes/receiver/AlarmReceiver.java,../data/PreprocessedData/PreprocessedQueries/Screen-3/Preprocessed_with_GUI_State_and_All_GUI_Component_IDs/replaced_query/bug_report_44.txt,0.6092231273651123
/Users/junayed/Documents/NecessaryDocs/GeorgeMasonUniversity/Research/Projects/BugLocalization/Backup/CodeUnused/BuggyProjects/bug-44/omniNotes/src/main/java/it/feio/android/omninotes/utils/ConstantsBase.java,../data/PreprocessedData/PreprocessedQueries/Screen-3/Preprocessed_with_GUI_State_and_All_GUI_Component_IDs/replaced_query/bug_report_44.txt,0.5096541047096252
/Users/junayed/Documents/NecessaryDocs/GeorgeMasonUniversity/Research/Projects/BugLocalization/Backup/CodeUnused/BuggyProjects/bug-44/omniNotes/src/main/java/it/feio/android/omninotes/utils/ShortcutHelper.java,../data/PreprocessedData/PreprocessedQueries/Screen-3/Preprocessed_with_GUI_State_and_All_GUI_Component_IDs/replaced_query/bug_report_44.txt,0.5171493887901306
/Users/junayed/Documents/NecessaryDocs/GeorgeMasonUniversity/Research/Projects/BugLocalization/Backup/CodeUnused/BuggyProjects/bug-44/omniNotes/src/main/java/it/feio/android/omninotes/utils/ColorsUtil.java,../data/PreprocessedData/PreprocessedQueries/Screen-3/Preprocessed_with_GUI_State_and_All_GUI_Component_IDs/replaced_query/bug_report_44.txt,0.3685055673122406
/Users/junayed/Documents/NecessaryDocs/GeorgeMasonUniversity/Research/Projects/BugLocalization/Backup/CodeUnused/BuggyProjects/bug-44/omniNotes/src/main/java/it/feio/android/omninotes/utils/IntentChecker.java,../data/PreprocessedData/PreprocessedQueries/Screen-3/Preprocessed_with_GUI_State_and_All_GUI_Component_IDs/replaced_query/bug_report_44.txt,0.4197789430618286
/Users/junayed/Documents/NecessaryDocs/GeorgeMasonUniversity/Research/Projects/BugLocalization/Backup/CodeUnused/BuggyProjects/bug-44/omniNotes/src/main/java/it/feio/android/omninotes/utils/Display.java,../data/PreprocessedData/PreprocessedQueries/Screen-3/Preprocessed_with_GUI_State_and_All_GUI_Component_IDs/replaced_query/bug_report_44.txt,0.5162571668624878
/Users/junayed/Documents/NecessaryDocs/GeorgeMasonUniversity/Research/Projects/BugLocalization/Backup/CodeUnused/BuggyProjects/bug-44/omniNotes/src/main/java/it/feio/android/omninotes/utils/AlphaManager.java,../data/PreprocessedData/PreprocessedQueries/Screen-3/Preprocessed_with_GUI_State_and_All_GUI_Component_IDs/replaced_query/bug_report_44.txt,0.3313824534416199
/Users/junayed/Documents/NecessaryDocs/GeorgeMasonUniversity/Research/Projects/BugLocalization/Backup/CodeUnused/BuggyProjects/bug-44/omniNotes/src/main/java/it/feio/android/omninotes/utils/Fonts.java,../data/PreprocessedData/PreprocessedQueries/Screen-3/Preprocessed_with_GUI_State_and_All_GUI_Component_IDs/replaced_query/bug_report_44.txt,0.3851510286331177
/Users/junayed/Documents/NecessaryDocs/GeorgeMasonUniversity/Research/Projects/BugLocalization/Backup/CodeUnused/BuggyProjects/bug-44/omniNotes/src/main/java/it/feio/android/omninotes/utils/ReminderHelper.java,../data/PreprocessedData/PreprocessedQueries/Screen-3/Preprocessed_with_GUI_State_and_All_GUI_Component_IDs/replaced_query/bug_report_44.txt,0.5340896844863892
/Users/junayed/Documents/NecessaryDocs/GeorgeMasonUniversity/Research/Projects/BugLocalization/Backup/CodeUnused/BuggyProjects/bug-44/omniNotes/src/main/java/it/feio/android/omninotes/utils/GeocodeHelper.java,../data/PreprocessedData/PreprocessedQueries/Screen-3/Preprocessed_with_GUI_State_and_All_GUI_Component_IDs/replaced_query/bug_report_44.txt,0.4019337594509125
/Users/junayed/Documents/NecessaryDocs/GeorgeMasonUniversity/Research/Projects/BugLocalization/Backup/CodeUnused/BuggyProjects/bug-44/omniNotes/src/main/java/it/feio/android/omninotes/utils/AssetUtils.java,../data/PreprocessedData/PreprocessedQueries/Screen-3/Preprocessed_with_GUI_State_and_All_GUI_Component_IDs/replaced_query/bug_report_44.txt,0.2910670042037964
/Users/junayed/Documents/NecessaryDocs/GeorgeMasonUniversity/Research/Projects/BugLocalization/Backup/CodeUnused/BuggyProjects/bug-44/omniNotes/src/main/java/it/feio/android/omninotes/utils/ConnectionManager.java,../data/PreprocessedData/PreprocessedQueries/Screen-3/Preprocessed_with_GUI_State_and_All_GUI_Component_IDs/replaced_query/bug_report_44.txt,0.33104437589645386
/Users/junayed/Documents/NecessaryDocs/GeorgeMasonUniversity/Research/Projects/BugLocalization/Backup/CodeUnused/BuggyProjects/bug-44/omniNotes/src/main/java/it/feio/android/omninotes/utils/KeyboardUtils.java,../data/PreprocessedData/PreprocessedQueries/Screen-3/Preprocessed_with_GUI_State_and_All_GUI_Component_IDs/replaced_query/bug_report_44.txt,0.43309736251831055
/Users/junayed/Documents/NecessaryDocs/GeorgeMasonUniversity/Research/Projects/BugLocalization/Backup/CodeUnused/BuggyProjects/bug-44/omniNotes/src/main/java/it/feio/android/omninotes/utils/SystemHelper.java,../data/PreprocessedData/PreprocessedQueries/Screen-3/Preprocessed_with_GUI_State_and_All_GUI_Component_IDs/replaced_query/bug_report_44.txt,0.5164559483528137
/Users/junayed/Documents/NecessaryDocs/GeorgeMasonUniversity/Research/Projects/BugLocalization/Backup/CodeUnused/BuggyProjects/bug-44/omniNotes/src/main/java/it/feio/android/omninotes/utils/BitmapHelper.java,../data/PreprocessedData/PreprocessedQueries/Screen-3/Preprocessed_with_GUI_State_and_All_GUI_Component_IDs/replaced_query/bug_report_44.txt,0.498542457818985
/Users/junayed/Documents/NecessaryDocs/GeorgeMasonUniversity/Research/Projects/BugLocalization/Backup/CodeUnused/BuggyProjects/bug-44/omniNotes/src/main/java/it/feio/android/omninotes/utils/TextHelper.java,../data/PreprocessedData/PreprocessedQueries/Screen-3/Preprocessed_with_GUI_State_and_All_GUI_Component_IDs/replaced_query/bug_report_44.txt,0.5531972646713257
/Users/junayed/Documents/NecessaryDocs/GeorgeMasonUniversity/Research/Projects/BugLocalization/Backup/CodeUnused/BuggyProjects/bug-44/omniNotes/src/main/java/it/feio/android/omninotes/utils/ParcelableUtil.java,../data/PreprocessedData/PreprocessedQueries/Screen-3/Preprocessed_with_GUI_State_and_All_GUI_Component_IDs/replaced_query/bug_report_44.txt,0.3074454367160797
/Users/junayed/Documents/NecessaryDocs/GeorgeMasonUniversity/Research/Projects/BugLocalization/Backup/CodeUnused/BuggyProjects/bug-44/omniNotes/src/main/java/it/feio/android/omninotes/utils/Navigation.java,../data/PreprocessedData/PreprocessedQueries/Screen-3/Preprocessed_with_GUI_State_and_All_GUI_Component_IDs/replaced_query/bug_report_44.txt,0.48181045055389404
/Users/junayed/Documents/NecessaryDocs/GeorgeMasonUniversity/Research/Projects/BugLocalization/Backup/CodeUnused/BuggyProjects/bug-44/omniNotes/src/main/java/it/feio/android/omninotes/utils/Security.java,../data/PreprocessedData/PreprocessedQueries/Screen-3/Preprocessed_with_GUI_State_and_All_GUI_Component_IDs/replaced_query/bug_report_44.txt,0.3068203032016754
/Users/junayed/Documents/NecessaryDocs/GeorgeMasonUniversity/Research/Projects/BugLocalization/Backup/CodeUnused/BuggyProjects/bug-44/omniNotes/src/main/java/it/feio/android/omninotes/utils/PasswordHelper.java,../data/PreprocessedData/PreprocessedQueries/Screen-3/Preprocessed_with_GUI_State_and_All_GUI_Component_IDs/replaced_query/bug_report_44.txt,0.6221664547920227
/Users/junayed/Documents/NecessaryDocs/GeorgeMasonUniversity/Research/Projects/BugLocalization/Backup/CodeUnused/BuggyProjects/bug-44/omniNotes/src/main/java/it/feio/android/omninotes/utils/LoadingDialog.java,../data/PreprocessedData/PreprocessedQueries/Screen-3/Preprocessed_with_GUI_State_and_All_GUI_Component_IDs/replaced_query/bug_report_44.txt,0.4304434359073639
/Users/junayed/Documents/NecessaryDocs/GeorgeMasonUniversity/Research/Projects/BugLocalization/Backup/CodeUnused/BuggyProjects/bug-44/omniNotes/src/main/java/it/feio/android/omninotes/utils/AnimationsHelper.java,../data/PreprocessedData/PreprocessedQueries/Screen-3/Preprocessed_with_GUI_State_and_All_GUI_Component_IDs/replaced_query/bug_report_44.txt,0.4457351267337799
/Users/junayed/Documents/NecessaryDocs/GeorgeMasonUniversity/Research/Projects/BugLocalization/Backup/CodeUnused/BuggyProjects/bug-44/omniNotes/src/main/java/it/feio/android/omninotes/utils/NotificationsHelper.java,../data/PreprocessedData/PreprocessedQueries/Screen-3/Preprocessed_with_GUI_State_and_All_GUI_Component_IDs/replaced_query/bug_report_44.txt,0.6137992739677429
/Users/junayed/Documents/NecessaryDocs/GeorgeMasonUniversity/Research/Projects/BugLocalization/Backup/CodeUnused/BuggyProjects/bug-44/omniNotes/src/main/java/it/feio/android/omninotes/utils/ResourcesUtils.java,../data/PreprocessedData/PreprocessedQueries/Screen-3/Preprocessed_with_GUI_State_and_All_GUI_Component_IDs/replaced_query/bug_report_44.txt,0.29302719235420227
/Users/junayed/Documents/NecessaryDocs/GeorgeMasonUniversity/Research/Projects/BugLocalization/Backup/CodeUnused/BuggyProjects/bug-44/omniNotes/src/main/java/it/feio/android/omninotes/utils/StorageHelper.java,../data/PreprocessedData/PreprocessedQueries/Screen-3/Preprocessed_with_GUI_State_and_All_GUI_Component_IDs/replaced_query/bug_report_44.txt,0.5147866010665894
/Users/junayed/Documents/NecessaryDocs/GeorgeMasonUniversity/Research/Projects/BugLocalization/Backup/CodeUnused/BuggyProjects/bug-44/omniNotes/src/main/java/it/feio/android/omninotes/utils/FileHelper.java,../data/PreprocessedData/PreprocessedQueries/Screen-3/Preprocessed_with_GUI_State_and_All_GUI_Component_IDs/replaced_query/bug_report_44.txt,0.44607487320899963
/Users/junayed/Documents/NecessaryDocs/GeorgeMasonUniversity/Research/Projects/BugLocalization/Backup/CodeUnused/BuggyProjects/bug-44/omniNotes/src/main/java/it/feio/android/omninotes/utils/TagsHelper.java,../data/PreprocessedData/PreprocessedQueries/Screen-3/Preprocessed_with_GUI_State_and_All_GUI_Component_IDs/replaced_query/bug_report_44.txt,0.44517672061920166
/Users/junayed/Documents/NecessaryDocs/GeorgeMasonUniversity/Research/Projects/BugLocalization/Backup/CodeUnused/BuggyProjects/bug-44/omniNotes/src/main/java/it/feio/android/omninotes/utils/date/TimePickerFragment.java,../data/PreprocessedData/PreprocessedQueries/Screen-3/Preprocessed_with_GUI_State_and_All_GUI_Component_IDs/replaced_query/bug_report_44.txt,0.5312148332595825
/Users/junayed/Documents/NecessaryDocs/GeorgeMasonUniversity/Research/Projects/BugLocalization/Backup/CodeUnused/BuggyProjects/bug-44/omniNotes/src/main/java/it/feio/android/omninotes/utils/date/DateUtils.java,../data/PreprocessedData/PreprocessedQueries/Screen-3/Preprocessed_with_GUI_State_and_All_GUI_Component_IDs/replaced_query/bug_report_44.txt,0.3997955918312073
/Users/junayed/Documents/NecessaryDocs/GeorgeMasonUniversity/Research/Projects/BugLocalization/Backup/CodeUnused/BuggyProjects/bug-44/omniNotes/src/main/java/it/feio/android/omninotes/utils/date/ReminderPickers.java,../data/PreprocessedData/PreprocessedQueries/Screen-3/Preprocessed_with_GUI_State_and_All_GUI_Component_IDs/replaced_query/bug_report_44.txt,0.5230132937431335
/Users/junayed/Documents/NecessaryDocs/GeorgeMasonUniversity/Research/Projects/BugLocalization/Backup/CodeUnused/BuggyProjects/bug-44/omniNotes/src/main/java/it/feio/android/omninotes/utils/date/DatePickerDialogFragment.java,../data/PreprocessedData/PreprocessedQueries/Screen-3/Preprocessed_with_GUI_State_and_All_GUI_Component_IDs/replaced_query/bug_report_44.txt,0.50150066614151
/Users/junayed/Documents/NecessaryDocs/GeorgeMasonUniversity/Research/Projects/BugLocalization/Backup/CodeUnused/BuggyProjects/bug-44/omniNotes/src/play/java/it/feio/android/omninotes/helpers/GeoCodeProviderFactory.java,../data/PreprocessedData/PreprocessedQueries/Screen-3/Preprocessed_with_GUI_State_and_All_GUI_Component_IDs/replaced_query/bug_report_44.txt,0.302839457988739
/Users/junayed/Documents/NecessaryDocs/GeorgeMasonUniversity/Research/Projects/BugLocalization/Backup/CodeUnused/BuggyProjects/bug-44/omniNotes/src/play/java/it/feio/android/omninotes/utils/Constants.java,../data/PreprocessedData/PreprocessedQueries/Screen-3/Preprocessed_with_GUI_State_and_All_GUI_Component_IDs/replaced_query/bug_report_44.txt,0.3300640881061554
/Users/junayed/Documents/NecessaryDocs/GeorgeMasonUniversity/Research/Projects/BugLocalization/Backup/CodeUnused/BuggyProjects/bug-44/omniNotes/src/foss/java/it/feio/android/omninotes/helpers/GeoCodeProviderFactory.java,../data/PreprocessedData/PreprocessedQueries/Screen-3/Preprocessed_with_GUI_State_and_All_GUI_Component_IDs/replaced_query/bug_report_44.txt,0.2958610951900482
/Users/junayed/Documents/NecessaryDocs/GeorgeMasonUniversity/Research/Projects/BugLocalization/Backup/CodeUnused/BuggyProjects/bug-44/omniNotes/src/foss/java/it/feio/android/omninotes/utils/Constants.java,../data/PreprocessedData/PreprocessedQueries/Screen-3/Preprocessed_with_GUI_State_and_All_GUI_Component_IDs/replaced_query/bug_report_44.txt,0.3029986023902893
/Users/junayed/Documents/NecessaryDocs/GeorgeMasonUniversity/Research/Projects/BugLocalization/Backup/CodeUnused/BuggyProjects/bug-44/omniNotes/src/androidTest/java/it/feio/android/omninotes/BaseAndroidTestCase.java,../data/PreprocessedData/PreprocessedQueries/Screen-3/Preprocessed_with_GUI_State_and_All_GUI_Component_IDs/replaced_query/bug_report_44.txt,0.43124809861183167
/Users/junayed/Documents/NecessaryDocs/GeorgeMasonUniversity/Research/Projects/BugLocalization/Backup/CodeUnused/BuggyProjects/bug-44/omniNotes/src/androidTest/java/it/feio/android/omninotes/RemindersLifecycleTest.java,../data/PreprocessedData/PreprocessedQueries/Screen-3/Preprocessed_with_GUI_State_and_All_GUI_Component_IDs/replaced_query/bug_report_44.txt,0.6068121194839478
/Users/junayed/Documents/NecessaryDocs/GeorgeMasonUniversity/Research/Projects/BugLocalization/Backup/CodeUnused/BuggyProjects/bug-44/omniNotes/src/androidTest/java/it/feio/android/omninotes/BaseEspressoTest.java,../data/PreprocessedData/PreprocessedQueries/Screen-3/Preprocessed_with_GUI_State_and_All_GUI_Component_IDs/replaced_query/bug_report_44.txt,0.4524725079536438
/Users/junayed/Documents/NecessaryDocs/GeorgeMasonUniversity/Research/Projects/BugLocalization/Backup/CodeUnused/BuggyProjects/bug-44/omniNotes/src/androidTest/java/it/feio/android/omninotes/CategoryLifecycleTest.java,../data/PreprocessedData/PreprocessedQueries/Screen-3/Preprocessed_with_GUI_State_and_All_GUI_Component_IDs/replaced_query/bug_report_44.txt,0.6481641530990601
/Users/junayed/Documents/NecessaryDocs/GeorgeMasonUniversity/Research/Projects/BugLocalization/Backup/CodeUnused/BuggyProjects/bug-44/omniNotes/src/androidTest/java/it/feio/android/omninotes/FabCameraNoteTest.java,../data/PreprocessedData/PreprocessedQueries/Screen-3/Preprocessed_with_GUI_State_and_All_GUI_Component_IDs/replaced_query/bug_report_44.txt,0.5754977464675903
/Users/junayed/Documents/NecessaryDocs/GeorgeMasonUniversity/Research/Projects/BugLocalization/Backup/CodeUnused/BuggyProjects/bug-44/omniNotes/src/androidTest/java/it/feio/android/omninotes/FabLifecycleTest.java,../data/PreprocessedData/PreprocessedQueries/Screen-3/Preprocessed_with_GUI_State_and_All_GUI_Component_IDs/replaced_query/bug_report_44.txt,0.5185537934303284
/Users/junayed/Documents/NecessaryDocs/GeorgeMasonUniversity/Research/Projects/BugLocalization/Backup/CodeUnused/BuggyProjects/bug-44/omniNotes/src/androidTest/java/it/feio/android/omninotes/helpers/AppVersionHelperTest.java,../data/PreprocessedData/PreprocessedQueries/Screen-3/Preprocessed_with_GUI_State_and_All_GUI_Component_IDs/replaced_query/bug_report_44.txt,0.3878973424434662
/Users/junayed/Documents/NecessaryDocs/GeorgeMasonUniversity/Research/Projects/BugLocalization/Backup/CodeUnused/BuggyProjects/bug-44/omniNotes/src/androidTest/java/it/feio/android/omninotes/helpers/LanguageHelperTest.java,../data/PreprocessedData/PreprocessedQueries/Screen-3/Preprocessed_with_GUI_State_and_All_GUI_Component_IDs/replaced_query/bug_report_44.txt,0.389872670173645
/Users/junayed/Documents/NecessaryDocs/GeorgeMasonUniversity/Research/Projects/BugLocalization/Backup/CodeUnused/BuggyProjects/bug-44/omniNotes/src/androidTest/java/it/feio/android/omninotes/db/DbHelperTest.java,../data/PreprocessedData/PreprocessedQueries/Screen-3/Preprocessed_with_GUI_State_and_All_GUI_Component_IDs/replaced_query/bug_report_44.txt,0.44179198145866394
/Users/junayed/Documents/NecessaryDocs/GeorgeMasonUniversity/Research/Projects/BugLocalization/Backup/CodeUnused/BuggyProjects/bug-44/omniNotes/src/androidTest/java/it/feio/android/omninotes/utils/SecurityTest.java,../data/PreprocessedData/PreprocessedQueries/Screen-3/Preprocessed_with_GUI_State_and_All_GUI_Component_IDs/replaced_query/bug_report_44.txt,0.1960325986146927
/Users/junayed/Documents/NecessaryDocs/GeorgeMasonUniversity/Research/Projects/BugLocalization/Backup/CodeUnused/BuggyProjects/bug-44/omniNotes/src/androidTest/java/it/feio/android/omninotes/utils/GeocodeHelperTest.java,../data/PreprocessedData/PreprocessedQueries/Screen-3/Preprocessed_with_GUI_State_and_All_GUI_Component_IDs/replaced_query/bug_report_44.txt,0.3313366174697876
/Users/junayed/Documents/NecessaryDocs/GeorgeMasonUniversity/Research/Projects/BugLocalization/Backup/CodeUnused/BuggyProjects/bug-44/omniNotes/src/androidTest/java/it/feio/android/omninotes/utils/ReminderHelperTest.java,../data/PreprocessedData/PreprocessedQueries/Screen-3/Preprocessed_with_GUI_State_and_All_GUI_Component_IDs/replaced_query/bug_report_44.txt,0.4160001277923584
/Users/junayed/Documents/NecessaryDocs/GeorgeMasonUniversity/Research/Projects/BugLocalization/Backup/CodeUnused/BuggyProjects/bug-44/omniNotes/src/androidTest/java/it/feio/android/omninotes/utils/date/DateHelperTest.java,../data/PreprocessedData/PreprocessedQueries/Screen-3/Preprocessed_with_GUI_State_and_All_GUI_Component_IDs/replaced_query/bug_report_44.txt,0.41622620820999146
/Users/junayed/Documents/NecessaryDocs/GeorgeMasonUniversity/Research/Projects/BugLocalization/Backup/CodeUnused/BuggyProjects/bug-44/omniNotes/src/test/java/it/feio/android/omninotes/ResourceAwareTest.java,../data/PreprocessedData/PreprocessedQueries/Screen-3/Preprocessed_with_GUI_State_and_All_GUI_Component_IDs/replaced_query/bug_report_44.txt,0.432142972946167
/Users/junayed/Documents/NecessaryDocs/GeorgeMasonUniversity/Research/Projects/BugLocalization/Backup/CodeUnused/BuggyProjects/bug-44/omniNotes/src/test/java/it/feio/android/omninotes/helpers/NotesHelperTest.java,../data/PreprocessedData/PreprocessedQueries/Screen-3/Preprocessed_with_GUI_State_and_All_GUI_Component_IDs/replaced_query/bug_report_44.txt,0.4551830589771271
/Users/junayed/Documents/NecessaryDocs/GeorgeMasonUniversity/Research/Projects/BugLocalization/Backup/CodeUnused/BuggyProjects/bug-44/omniNotes/src/test/java/it/feio/android/omninotes/utils/TagsHelperTest.java,../data/PreprocessedData/PreprocessedQueries/Screen-3/Preprocessed_with_GUI_State_and_All_GUI_Component_IDs/replaced_query/bug_report_44.txt,0.4972897469997406
/Users/junayed/Documents/NecessaryDocs/GeorgeMasonUniversity/Research/Projects/BugLocalization/Backup/CodeUnused/BuggyProjects/bug-44/omniNotes/src/test/java/it/feio/android/omninotes/utils/date/DateUtilsTest.java,../data/PreprocessedData/PreprocessedQueries/Screen-3/Preprocessed_with_GUI_State_and_All_GUI_Component_IDs/replaced_query/bug_report_44.txt,0.3908081352710724
